  
  INPUT MOMENT TENSOR
 -0.2290000E+22 -0.6340000E+21  0.3530000E+22
 -0.6340000E+21 -0.1560000E+22  0.2110000E+22
  0.3530000E+22  0.2110000E+22 -0.1350000E+23
  EIGENVALUES AND EIGENVECTOR OF M(i,j)
     1 -0.1488E+23  (-0.2739E+00,-0.1631E+00, 0.9478E+00)
     2 -0.1278E+22  (-0.9107E+00,-0.2728E+00,-0.3101E+00)
     3 -0.1189E+22  ( 0.3092E+00,-0.9481E+00,-0.7386E-01)
   EIGENVALUES               EIGENVECTORS
     1 -0.1488E+23  (-0.2739E+00,-0.1631E+00, 0.9478E+00)
     2 -0.1278E+22  (-0.9107E+00,-0.2728E+00,-0.3101E+00)
     3 -0.1189E+22  ( 0.3092E+00,-0.9481E+00,-0.7386E-01)
  
 Input: moment=sqrt(sum mij**2/2)=   1.0596169402194369E+022
      (|e1| + |e2|)/2=   8.08054366E+21
          -0.22900E+22-0.63400E+21 0.35300E+22
          -0.63400E+21-0.15600E+22 0.21100E+22
           0.35300E+22 0.21100E+22-0.13500E+23
  SEISMIC MOMENT OF THE INPUT MOMENT TENSOR:   0.1059617E+23
  
  ISOTROPIC COMPONENT (TRACE OF MOMENT TENSOR):  -0.1735000E+23
  
  INPUT MOMENT TENSOR IS PARTIALLY DUE TO AN IMPLOSION
 Deviatoric: moment=sqrt(sum mij**2/2)=   7.8808875980649168E+021
      (|e1| + |e2|)/2=   6.84717042E+21
           0.34933E+22-0.63400E+21 0.35300E+22
          -0.63400E+21 0.42233E+22 0.21100E+22
           0.35300E+22 0.21100E+22-0.77167E+22
  EIGENVALUES OF THE PURELY DEVIATORIC MOMENT TENSOR
 -0.9099920E+22  0.4505500E+22  0.4594420E+22
  
  SORTED EIGENVALUES
  0.4505500E+22  0.4594420E+22  0.9099920E+22
  EPSILON    % OF CLVD     % OF DC
  0.495114   99.022852    0.977148
  LUNE PARAMETERS
  beta:  131.95 gamma:  29.68
  
  --------------------------------------------------------------
  
  DECOMPOSITION INTO MAJOR AND MINOR DOUBLE COUPLE
  
  SEISMIC MOMENT OF ISOTROPIC PART, MAJOR, AND MINOR COUPLE
 -0.5783333E+22  0.9099920E+22  0.4505500E+22
  
  EIGENVALUES AND EIGENVECTORS OF THE MAJOR DC
     1 -0.9100E+22  (-0.2739E+00,-0.1631E+00, 0.9478E+00)
     2  0.0000E+00  (-0.9107E+00,-0.2728E+00,-0.3101E+00)
     3  0.9100E+22  ( 0.3092E+00,-0.9481E+00,-0.7386E-01)

  NODAL PLANES 
   STK=    1.82037
   DIP=   51.82700
  SLIP= -113.23694
   OR
   STK=  216.60888
   DIP=   43.74894
  SLIP=  -63.35020
  
            X-DIR          Y-DIR          Z-DIR
  X:       0.0247689     -0.7857942      0.6179919
  Y:      -0.4122414      0.5551457      0.7224059
  Z:       0.9107379      0.2726550      0.3101866
  T:      -0.3090129      0.9481877      0.0738319
  P:      -0.2739845     -0.1630931      0.9478044
  
        TREND       PLUNGE
  X    271.80054    38.16678
  Y    126.60392    46.25106
  Z     16.66747    18.06650
  T    108.05667     4.22937
  P    210.75559    71.40544
  
  EIGENVALUES AND EIGENVECTORS OF THE MINOR DC
     1  0.0000E+00  (-0.2739E+00,-0.1631E+00, 0.9478E+00)
     2  0.4506E+22  (-0.9107E+00,-0.2728E+00,-0.3101E+00)
     3 -0.4506E+22  ( 0.3092E+00,-0.9481E+00,-0.7386E-01)

  NODAL PLANES 
   STK=   61.03397
   DIP=   80.38254
  SLIP=  164.02020
   OR
   STK=  153.77306
   DIP=   74.25067
  SLIP=    9.99637
  
            X-DIR          Y-DIR          Z-DIR
  X:       0.8625370     -0.4776212      0.1670567
  Y:       0.4254563      0.8632936      0.2714979
  Z:      -0.2738921     -0.1631017      0.9478296
  T:       0.9107488      0.2727116      0.3101049
  P:      -0.3090628      0.9481699      0.0738511
  
        TREND       PLUNGE
  X    331.02335     9.61230
  Y     63.76810    15.74933
  Z    210.76540    71.40997
  T     16.67055    18.06159
  P    108.05971     4.23048
  
  --------------------------------------------------------------
  
  DECOMPOSITION INTO THREE DOUBLE COUPLES
  
  SEISMIC MOMENTS OF ISOTROPIC PART, EMT1, EMT2, EMT3
 -0.5783333E+22  0.4535140E+22  0.2963989E+20  0.4564780E+22
  
  EMT1
  0.7543879E+00  0.2037515E+00  0.5420426E+00
  0.2037515E+00  0.4779985E-01  0.2392271E+00
  0.5420426E+00  0.2392271E+00 -0.8021877E+00
  
  
  EIGENVALUES                EIGENVECTORS
 -0.1000000E+01    0.7543879  0.2037515  0.5420426
  0.9938265E-17    0.2037515  0.0477998  0.2392271
  0.1000000E+01    0.5420426  0.2392271 -0.8021877

  NODAL PLANES 
   STK=  288.72350
   DIP=   79.71296
  SLIP=   94.42766
   OR
   STK=   85.28216
   DIP=   11.19000
  SLIP=   66.95740
  
            X-DIR          Y-DIR          Z-DIR
  X:      -0.9318629     -0.3158260      0.1785650
  Y:       0.1933938     -0.0159765      0.9809911
  Z:      -0.3069696      0.9486826      0.0759667
  T:      -0.5221765     -0.2346198      0.8199300
  P:       0.7956767      0.2120256      0.5674009
  
        TREND       PLUNGE
  X    198.71359    10.28179
  Y    355.27719    78.81000
  Z    107.93622     4.35204
  T    204.18632    55.07586
  P     14.92183    34.56613
  
  EMT2
 -0.7338329E+00 -0.5415531E+00 -0.3052713E+00
 -0.5415531E+00  0.8245564E+00 -0.1457149E-01
 -0.3052713E+00 -0.1457149E-01 -0.9072356E-01
  
  
  EIGENVALUES                EIGENVECTORS
 -0.1000000E+01   -0.7338329 -0.5415531 -0.3052713
  0.0000000E+00   -0.5415531  0.8245564 -0.0145715
  0.1000000E+01   -0.3052713 -0.0145715 -0.0907236

  NODAL PLANES 
   STK=  203.80712
   DIP=   69.24495
  SLIP= -167.16873
   OR
   STK=  109.19249
   DIP=   78.01424
  SLIP=  -21.23975
  
            X-DIR          Y-DIR          Z-DIR
  X:      -0.3773969      0.8555748      0.3543492
  Y:       0.9238495      0.3214737      0.2077420
  Z:      -0.0638249     -0.4057666      0.9117455
  T:      -0.9201202      0.3776665      0.1036669
  P:       0.3864003      0.8322989      0.3974586
  
        TREND       PLUNGE
  X    113.80872    20.74974
  Y     19.18752    11.98576
  Z    261.05546    65.74635
  T    157.69283     5.94573
  P     65.10019    23.41572
  
  EMT3
  0.2055503E-01 -0.3378016E+00  0.2367713E+00
 -0.3378016E+00  0.8723563E+00  0.2246556E+00
  0.2367713E+00  0.2246556E+00 -0.8929113E+00
  
  
  EIGENVALUES                EIGENVECTORS
 -0.1000000E+01    0.0205550 -0.3378016  0.2367713
  0.6661338E-15   -0.3378016  0.8723563  0.2246556
  0.1000000E+01    0.2367713  0.2246556 -0.8929113

  NODAL PLANES 
   STK=  210.29793
   DIP=   49.35258
  SLIP=  120.49382
   OR
   STK=  348.18280
   DIP=   49.17222
  SLIP=   59.41453
  
            X-DIR          Y-DIR          Z-DIR
  X:      -0.3826040      0.6552500      0.6513537
  Y:      -0.1552020     -0.7405588      0.6538233
  Z:       0.9107835      0.1490640      0.3850368
  T:      -0.3802862     -0.0603225      0.9228996
  P:       0.1607975     -0.9869859      0.0000000
  
        TREND       PLUNGE
  X    120.28752    40.64102
  Y    258.15797    40.82778
  Z      9.29546    22.64231
  T    189.00394    67.35248
  P    279.24875     0.09509
  
  --------------------------------------------------------------
  
  DECOMPOSITION INTO THREE VECTOR DIPOLES
  
  SEISMIC MOMENTS OF ISOTROPIC PART, EMT1, EMT2, EMT3
 -0.5783333E+22  0.4505500E+22  0.4594420E+22  0.9099920E+22
  
            DIPOLE AXES
 -0.9107178 -0.2727902 -0.3101268
  0.3091505 -0.9481408 -0.0738583
 -0.2738960 -0.1631399  0.9478219
  
  --------------------------------------------------------------
  
  DECOMPOSITION INTO THREE COMPENSATED LINEAR VECTOR DIPOLES
  
  SEISMIC MOMENTS OF ISOTROPIC PART, EMT1, EMT2, EMT3
 -0.5783333E+22  0.7377572E+21  0.6864194E+21  0.8592850E+22
  
  EIGENVALUE          AXES OF CLVD
       -1   -0.2738960 -0.1631399  0.9478219
        2   -0.9107178 -0.2727902 -0.3101268
       -1    0.3091505 -0.9481408 -0.0738583
  
  EIGENVALUE          AXES OF CLVD
       -1   -0.2738960 -0.1631399  0.9478219
       -1   -0.9107178 -0.2727902 -0.3101268
        2    0.3091505 -0.9481408 -0.0738583
  
  EIGENVALUE          AXES OF CLVD
        2   -0.2738960 -0.1631399  0.9478219
       -1   -0.9107178 -0.2727902 -0.3101268
       -1    0.3091505 -0.9481408 -0.0738583
  
  --------------------------------------------------------------
  
  DECOMPOSITION INTO A DOUBLE COUPLE AND A CLVD
  
  SEISMIC MOMENTS OF ISOTROPIC PART, DC, CLVD
 -0.5783333E+22  0.8891967E+20  0.4505500E+22
 Isotropic: moment=sqrt(sum mij**2/2)=   7.0831078395480260E+021
      (|e1| + |e2|)/2=   5.78333349E+21
          -0.57833E+22 0.00000E+00 0.00000E+00
           0.00000E+00-0.57833E+22 0.00000E+00
           0.00000E+00 0.00000E+00-0.57833E+22
 Double couple: moment=sqrt(sum mij**2/2)=   9.0999203407890292E+021
      (|e1| + |e2|)/2=   9.09992049E+21
           0.18705E+21-0.30740E+22 0.21546E+22
          -0.30740E+22 0.79384E+22 0.20443E+22
           0.21546E+22 0.20443E+22-0.81254E+22
  
  EIGENVALUES AND EIGENVECTORS OF THE DC
 -0.9099920E+22   -0.2738960 -0.1631399  0.9478219
  0.0000000E+00   -0.9107178 -0.2727902 -0.3101268
  0.9099920E+22    0.3091505 -0.9481408 -0.0738583

  NODAL PLANES 
   STK=    1.82037
   DIP=   51.82700
  SLIP= -113.23694
   OR
   STK=  216.60888
   DIP=   43.74894
  SLIP=  -63.35020
  
            X-DIR          Y-DIR          Z-DIR
  X:       0.0247689     -0.7857942      0.6179919
  Y:      -0.4122414      0.5551457      0.7224059
  Z:       0.9107379      0.2726550      0.3101866
  T:      -0.3090129      0.9481877      0.0738319
  P:      -0.2739845     -0.1630931      0.9478044
  
        TREND       PLUNGE
  X    271.80054    38.16678
  Y    126.60392    46.25106
  Z     16.66747    18.06650
  T    108.05667     4.22937
  P    210.75559    71.40544
  
 CLVD: moment=sqrt(sum mij**2/2)=   7.8037554968426132E+021
      (|e1| + |e2|)/2=   6.75825078E+21
          -0.34915E+22 0.60396E+21-0.35089E+22
           0.60396E+21-0.41458E+22-0.20900E+22
          -0.35089E+22-0.20900E+22 0.76373E+22
  EIGENVALUE          AXES OF CLVD
  0.9011001E+22   -0.2738960 -0.1631399  0.9478219
 -0.4505500E+22   -0.9107178 -0.2727902 -0.3101268
 -0.4505500E+22    0.3091505 -0.9481408 -0.0738583
 Original moment tensor
          -0.90878E+22-0.24700E+22-0.13543E+22
          -0.24700E+22-0.19907E+22-0.45676E+20
          -0.13543E+22-0.45676E+20-0.62715E+22
  
  --------------------------------------------------------------
 EVD:  -9.0999203407890261E+021   4.5055003367921020E+021   4.5944200039969246E+021
 EVP:   4.5055003367921020E+021   4.5944200039969246E+021   9.0999203407890261E+021
  
  DECOMPOSITION INTO A DOUBLE COUPLE AND A CRACK
  
  SEISMIC MOMENTS OF ISOTROPIC PART, DC, CRACK
 -0.1704708E+23  0.8891967E+20  0.6758251E+22
  
  EIGENVALUES AND EIGENVECTORS OF THE DC
 -0.9099920E+22   -0.2738960 -0.1631399  0.9478219
  0.0000000E+00   -0.9107178 -0.2727902 -0.3101268
  0.9099920E+22    0.3091505 -0.9481408 -0.0738583

  NODAL PLANES 
   STK=    1.82037
   DIP=   51.82700
  SLIP= -113.23694
   OR
   STK=  216.60888
   DIP=   43.74894
  SLIP=  -63.35020
  
            X-DIR          Y-DIR          Z-DIR
  X:       0.0247689     -0.7857942      0.6179919
  Y:      -0.4122414      0.5551457      0.7224059
  Z:       0.9107379      0.2726550      0.3101866
  T:      -0.3090129      0.9481877      0.0738319
  P:      -0.2739845     -0.1630931      0.9478044
  
        TREND       PLUNGE
  X    271.80054    38.16678
  Y    126.60392    46.25106
  Z     16.66747    18.06650
  T    108.05667     4.22937
  P    210.75559    71.40544
  
  EIGENVALUE          AXES OF CRACK
        3   -0.2738960 -0.1631399  0.9478219
        1   -0.9107178 -0.2727902 -0.3101268
        1    0.3091505 -0.9481408 -0.0738583
