  
  INPUT MOMENT TENSOR
  0.6380000E+22  0.4540000E+21 -0.9760000E+21
  0.4540000E+21  0.5550000E+22  0.1940000E+22
 -0.9760000E+21  0.1940000E+22 -0.1190000E+23
  EIGENVALUES AND EIGENVECTOR OF M(i,j)
     1 -0.1217E+23  ( 0.5491E-01,-0.1101E+00, 0.9924E+00)
     2  0.5618E+22  ( 0.3873E+00,-0.9138E+00,-0.1228E+00)
     3  0.6581E+22  ( 0.9203E+00, 0.3911E+00,-0.7550E-02)
   EIGENVALUES               EIGENVECTORS
     1 -0.1217E+23  ( 0.5491E-01,-0.1101E+00, 0.9924E+00)
     2  0.5618E+22  ( 0.3873E+00,-0.9138E+00,-0.1228E+00)
     3  0.6581E+22  ( 0.9203E+00, 0.3911E+00,-0.7550E-02)
  
 Input: moment=sqrt(sum mij**2/2)=   1.0558444108863771E+022
      (|e1| + |e2|)/2=   9.37504314E+21
           0.63800E+22 0.45400E+21-0.97600E+21
           0.45400E+21 0.55500E+22 0.19400E+22
          -0.97600E+21 0.19400E+22-0.11900E+23
  SEISMIC MOMENT OF THE INPUT MOMENT TENSOR:   0.1055844E+23
  
  ISOTROPIC COMPONENT (TRACE OF MOMENT TENSOR):   0.3000000E+20
  
  INPUT MOMENT TENSOR IS PARTIALLY DUE TO AN EXPLOSION
 Deviatoric: moment=sqrt(sum mij**2/2)=   1.0558437005542063E+022
      (|e1| + |e2|)/2=   9.37504314E+21
           0.63700E+22 0.45400E+21-0.97600E+21
           0.45400E+21 0.55400E+22 0.19400E+22
          -0.97600E+21 0.19400E+22-0.11910E+23
  EIGENVALUES OF THE PURELY DEVIATORIC MOMENT TENSOR
 -0.1217916E+23  0.5608226E+22  0.6570930E+22
  
  SORTED EIGENVALUES
  0.5608226E+22  0.6570930E+22  0.1217916E+23
  EPSILON    % OF CLVD     % OF DC
  0.460477   92.095481    7.904519
  LUNE PARAMETERS
  beta:   89.93 gamma:  27.39
  
  --------------------------------------------------------------
  
  DECOMPOSITION INTO MAJOR AND MINOR DOUBLE COUPLE
  
  SEISMIC MOMENT OF ISOTROPIC PART, MAJOR, AND MINOR COUPLE
  0.1000000E+20  0.1217916E+23  0.5608226E+22
  
  EIGENVALUES AND EIGENVECTORS OF THE MAJOR DC
     1 -0.1218E+23  ( 0.5491E-01,-0.1101E+00, 0.9924E+00)
     2  0.0000E+00  ( 0.3873E+00,-0.9138E+00,-0.1228E+00)
     3  0.1218E+23  ( 0.9203E+00, 0.3911E+00,-0.7550E-02)

  NODAL PLANES 
   STK=  106.06584
   DIP=   45.85909
  SLIP=  -99.85073
   OR
   STK=  300.06612
   DIP=   45.00468
  SLIP=  -80.00201
  
            X-DIR          Y-DIR          Z-DIR
  X:       0.6897150      0.1983434      0.6963857
  Y:      -0.6120898     -0.3540965      0.7070797
  Z:      -0.3868324      0.9139341      0.1228217
  T:      -0.9205150     -0.3906340      0.0000000
  P:       0.0548893     -0.1101341      0.9924000
  
        TREND       PLUNGE
  X     16.04469    44.13521
  Y    210.04129    44.99532
  Z    112.94726     7.05040
  T    202.98599     0.42832
  P    296.48753    82.93121
  
  EIGENVALUES AND EIGENVECTORS OF THE MINOR DC
     1  0.0000E+00  ( 0.5491E-01,-0.1101E+00, 0.9924E+00)
     2  0.5608E+22  ( 0.3873E+00,-0.9138E+00,-0.1228E+00)
     3 -0.5608E+22  ( 0.9203E+00, 0.3911E+00,-0.7550E-02)

  NODAL PLANES 
   STK=  157.77836
   DIP=   85.32603
  SLIP=  174.70251
   OR
   STK=  248.21125
   DIP=   84.72018
  SLIP=    4.69393
  
            X-DIR          Y-DIR          Z-DIR
  X:       0.3771593      0.9225572      0.0814807
  Y:      -0.9245237      0.3698288      0.0921011
  Z:       0.0548347     -0.1100676      0.9924103
  T:      -0.3870450      0.9138549      0.1227409
  P:      -0.9204289     -0.3908380      0.0000000
  
        TREND       PLUNGE
  X     67.76804     4.66897
  Y    158.20629     5.27982
  Z    296.47856    82.93605
  T    112.96035     7.04573
  P    202.99867     0.42534
  
  --------------------------------------------------------------
  
  DECOMPOSITION INTO THREE DOUBLE COUPLES
  
  SEISMIC MOMENTS OF ISOTROPIC PART, EMT1, EMT2, EMT3
  0.1000000E+20  0.5929128E+22  0.3209012E+21  0.6250029E+22
  
  EMT1
  0.1469729E+00 -0.3478364E+00 -0.1020399E+00
 -0.3478364E+00  0.8228265E+00  0.2214045E+00
 -0.1020399E+00  0.2214045E+00 -0.9697994E+00
  
  
  EIGENVALUES                EIGENVECTORS
 -0.1000000E+01    0.1469729 -0.3478364 -0.1020399
 -0.1793421E-16   -0.3478364  0.8228265  0.2214045
  0.1000000E+01   -0.1020399  0.2214045 -0.9697994

  NODAL PLANES 
   STK=   23.27194
   DIP=   54.98276
  SLIP=   90.54727
   OR
   STK=  202.31828
   DIP=   35.02097
  SLIP=   89.21899
  
            X-DIR          Y-DIR          Z-DIR
  X:       0.3235150     -0.7523947      0.5737946
  Y:      -0.2178163      0.5309032      0.8189614
  Z:      -0.9208116     -0.3899282      0.0000000
  T:       0.0747403     -0.1566181      0.9848272
  P:      -0.3827791      0.9074287      0.1733591
  
        TREND       PLUNGE
  X    293.26308    35.01223
  Y    112.31331    54.97903
  Z    202.94211     0.44606
  T    295.50755    80.00588
  P    112.87762     9.97877
  
  EMT2
  0.6970085E+00  0.7138037E+00  0.4059705E-01
  0.7138037E+00 -0.6819937E+00 -0.1151314E+00
  0.4059705E-01 -0.1151314E+00 -0.1501479E-01
  
  
  EIGENVALUES                EIGENVECTORS
 -0.1000000E+01    0.6970085  0.7138037  0.0405971
  0.2220446E-15    0.7138037 -0.6819937 -0.1151314
  0.1000000E+01    0.0405971 -0.1151314 -0.0150148

  NODAL PLANES 
   STK=   77.52431
   DIP=   88.61160
  SLIP=   -1.87103
   OR
   STK=  167.56966
   DIP=   88.12952
  SLIP= -178.61086
  
            X-DIR          Y-DIR          Z-DIR
  X:       0.2152947      0.9760006      0.0327251
  Y:       0.9760605     -0.2161261      0.0244016
  Z:      -0.0308887     -0.0266881      0.9991665
  T:      -0.5379426      0.8429609      0.0000000
  P:       0.8424154      0.5373124      0.0403947
  
        TREND       PLUNGE
  X     77.56469     1.87048
  Y    347.51393     1.39336
  Z    220.81961    87.66034
  T    122.55109     0.33227
  P     32.53249     2.31024
  
  EMT3
  0.8439814E+00  0.3659673E+00 -0.6144289E-01
  0.3659673E+00  0.1408328E+00  0.1062731E+00
 -0.6144289E-01  0.1062731E+00 -0.9848142E+00
  
  
  EIGENVALUES                EIGENVECTORS
 -0.1000000E+01    0.8439814  0.3659673 -0.0614429
 -0.1110223E-15    0.3659673  0.1408328  0.1062731
  0.1000000E+01   -0.0614429  0.1062731 -0.9848142

  NODAL PLANES 
   STK=  103.81863
   DIP=   48.19295
  SLIP=   76.63600
   OR
   STK=  303.43354
   DIP=   43.51371
  SLIP=  104.49090
  
            X-DIR          Y-DIR          Z-DIR
  X:      -0.5746797     -0.3791732      0.7252385
  Y:       0.7238567      0.1779320      0.6666121
  Z:      -0.3818046      0.9080572      0.1722132
  T:       0.1054840     -0.1422990      0.9841870
  P:      -0.9182039     -0.3939329      0.0414551
  
        TREND       PLUNGE
  X    213.40871    46.48629
  Y     13.81090    41.80346
  Z    112.81119     9.91210
  T    306.54601    79.79667
  P    203.21192     2.37105
  
  --------------------------------------------------------------
  
  DECOMPOSITION INTO THREE VECTOR DIPOLES
  
  SEISMIC MOMENTS OF ISOTROPIC PART, EMT1, EMT2, EMT3
  0.1000000E+20  0.5608226E+22  0.6570930E+22  0.1217916E+23
  
            DIPOLE AXES
  0.3872830 -0.9137506 -0.1227672
  0.9203242  0.3910836 -0.0075502
  0.0549112 -0.1100616  0.9924068
  
  --------------------------------------------------------------
  
  DECOMPOSITION INTO THREE COMPENSATED LINEAR VECTOR DIPOLES
  
  SEISMIC MOMENTS OF ISOTROPIC PART, EMT1, EMT2, EMT3
  0.1000000E+20  0.3243685E+22  0.3799502E+22  0.7025866E+22
  
  EIGENVALUE          AXES OF CLVD
       -1    0.0549112 -0.1100616  0.9924068
        2    0.3872830 -0.9137506 -0.1227672
       -1    0.9203242  0.3910836 -0.0075502
  
  EIGENVALUE          AXES OF CLVD
       -1    0.0549112 -0.1100616  0.9924068
       -1    0.3872830 -0.9137506 -0.1227672
        2    0.9203242  0.3910836 -0.0075502
  
  EIGENVALUE          AXES OF CLVD
        2    0.0549112 -0.1100616  0.9924068
       -1    0.3872830 -0.9137506 -0.1227672
       -1    0.9203242  0.3910836 -0.0075502
  
  --------------------------------------------------------------
  
  DECOMPOSITION INTO A DOUBLE COUPLE AND A CLVD
  
  SEISMIC MOMENTS OF ISOTROPIC PART, DC, CLVD
  0.1000000E+20  0.9627037E+21  0.5608226E+22
 Isotropic: moment=sqrt(sum mij**2/2)=   1.2247448713914819E+019
      (|e1| + |e2|)/2=   9.99999888E+18
           0.10000E+20 0.00000E+00 0.00000E+00
           0.00000E+00 0.10000E+20 0.00000E+00
           0.00000E+00 0.00000E+00 0.10000E+20
 Double couple: moment=sqrt(sum mij**2/2)=   1.2179156642217073E+022
      (|e1| + |e2|)/2=   1.21791565E+22
           0.10279E+23 0.44572E+22-0.74832E+21
           0.44572E+22 0.17152E+22 0.12943E+22
          -0.74832E+21 0.12943E+22-0.11994E+23
  
  EIGENVALUES AND EIGENVECTORS OF THE DC
 -0.1217916E+23    0.0549112 -0.1100616  0.9924068
  0.0000000E+00    0.3872830 -0.9137506 -0.1227672
  0.1217916E+23    0.9203242  0.3910836 -0.0075502

  NODAL PLANES 
   STK=  106.06584
   DIP=   45.85909
  SLIP=  -99.85073
   OR
   STK=  300.06612
   DIP=   45.00468
  SLIP=  -80.00201
  
            X-DIR          Y-DIR          Z-DIR
  X:       0.6897150      0.1983434      0.6963857
  Y:      -0.6120898     -0.3540965      0.7070797
  Z:      -0.3868324      0.9139341      0.1228217
  T:      -0.9205150     -0.3906340      0.0000000
  P:       0.0548893     -0.1101341      0.9924000
  
        TREND       PLUNGE
  X     16.04469    44.13521
  Y    210.04129    44.99532
  Z    112.94726     7.05040
  T    202.98599     0.42832
  P    296.48753    82.93121
  
 CLVD: moment=sqrt(sum mij**2/2)=   9.7137331707592783E+021
      (|e1| + |e2|)/2=   8.41233905E+21
          -0.55575E+22-0.10168E+21 0.91685E+21
          -0.10168E+21-0.54044E+22-0.18377E+22
           0.91685E+21-0.18377E+22 0.10962E+23
  EIGENVALUE          AXES OF CLVD
  0.1121645E+23    0.0549112 -0.1100616  0.9924068
 -0.5608226E+22    0.3872830 -0.9137506 -0.1227672
 -0.5608226E+22    0.9203242  0.3910836 -0.0075502
 Original moment tensor
           0.47315E+22 0.43555E+22 0.16853E+21
           0.43555E+22-0.36792E+22-0.54337E+21
           0.16853E+21-0.54337E+21-0.10223E+22
  
  --------------------------------------------------------------
 EVD:  -1.2179156642217073E+022   5.6082264609740680E+021   6.5709301812430037E+021
 EVP:   5.6082264609740680E+021   6.5709301812430037E+021   1.2179156642217073E+022
  
  DECOMPOSITION INTO A DOUBLE COUPLE AND A CRACK
  
  SEISMIC MOMENTS OF ISOTROPIC PART, DC, CRACK
 -0.1401057E+23  0.9627037E+21  0.8412340E+22
  
  EIGENVALUES AND EIGENVECTORS OF THE DC
 -0.1217916E+23    0.0549112 -0.1100616  0.9924068
  0.0000000E+00    0.3872830 -0.9137506 -0.1227672
  0.1217916E+23    0.9203242  0.3910836 -0.0075502

  NODAL PLANES 
   STK=  106.06584
   DIP=   45.85909
  SLIP=  -99.85073
   OR
   STK=  300.06612
   DIP=   45.00468
  SLIP=  -80.00201
  
            X-DIR          Y-DIR          Z-DIR
  X:       0.6897150      0.1983434      0.6963857
  Y:      -0.6120898     -0.3540965      0.7070797
  Z:      -0.3868324      0.9139341      0.1228217
  T:      -0.9205150     -0.3906340      0.0000000
  P:       0.0548893     -0.1101341      0.9924000
  
        TREND       PLUNGE
  X     16.04469    44.13521
  Y    210.04129    44.99532
  Z    112.94726     7.05040
  T    202.98599     0.42832
  P    296.48753    82.93121
  
  EIGENVALUE          AXES OF CRACK
        3    0.0549112 -0.1100616  0.9924068
        1    0.3872830 -0.9137506 -0.1227672
        1    0.9203242  0.3910836 -0.0075502
