  
  INPUT MOMENT TENSOR
 -0.2712595E+22  0.5105764E+21  0.1247404E+23
  0.5105764E+21 -0.3752509E+22  0.2954127E+22
  0.1247404E+23  0.2954127E+22  0.6465104E+22
  EIGENVALUES AND EIGENVECTOR OF M(i,j)
     1 -0.1163E+23  ( 0.7992E+00, 0.1650E+00,-0.5780E+00)
     2 -0.3923E+22  ( 0.2153E+00,-0.9764E+00, 0.1907E-01)
     3  0.1555E+23  (-0.5611E+00,-0.1397E+00,-0.8158E+00)
   EIGENVALUES               EIGENVECTORS
     1 -0.1163E+23  ( 0.7992E+00, 0.1650E+00,-0.5780E+00)
     2 -0.3923E+22  ( 0.2153E+00,-0.9764E+00, 0.1907E-01)
     3  0.1555E+23  (-0.5611E+00,-0.1397E+00,-0.8158E+00)
  
 Input: moment=sqrt(sum mij**2/2)=   1.4007418073789581E+022
      (|e1| + |e2|)/2=   1.35891998E+22
          -0.27126E+22 0.51058E+21 0.12474E+23
           0.51058E+21-0.37525E+22 0.29541E+22
           0.12474E+23 0.29541E+22 0.64651E+22
  SEISMIC MOMENT OF THE INPUT MOMENT TENSOR:   0.1400742E+23
  
  ISOTROPIC COMPONENT (TRACE OF MOMENT TENSOR):  -0.2097152E+07
  
  INPUT MOMENT TENSOR IS PURELY DEVIATORIC
 Deviatoric: moment=sqrt(sum mij**2/2)=   1.4007418073789581E+022
      (|e1| + |e2|)/2=   1.35891998E+22
          -0.27126E+22 0.51058E+21 0.12474E+23
           0.51058E+21-0.37525E+22 0.29541E+22
           0.12474E+23 0.29541E+22 0.64651E+22
  EIGENVALUES OF THE PURELY DEVIATORIC MOMENT TENSOR
 -0.1162779E+23 -0.3922822E+22  0.1555061E+23
  
  SORTED EIGENVALUES
  0.3922822E+22  0.1162779E+23  0.1555061E+23
  EPSILON    % OF CLVD     % OF DC
  0.252262   50.452321   49.547679
  LUNE PARAMETERS
  beta:   90.00 gamma: -14.04
  
  --------------------------------------------------------------
  
  DECOMPOSITION INTO MAJOR AND MINOR DOUBLE COUPLE
  
  SEISMIC MOMENT OF ISOTROPIC PART, MAJOR, AND MINOR COUPLE
 -0.6990507E+06  0.1555061E+23  0.3922822E+22
  
  EIGENVALUES AND EIGENVECTORS OF THE MAJOR DC
     1 -0.1555E+23  ( 0.7992E+00, 0.1650E+00,-0.5780E+00)
     2  0.0000E+00  ( 0.2153E+00,-0.9764E+00, 0.1907E-01)
     3  0.1555E+23  (-0.5611E+00,-0.1397E+00,-0.8158E+00)

  NODAL PLANES 
   STK=  102.61917
   DIP=   80.31538
  SLIP=   91.11346
   OR
   STK=  276.02866
   DIP=    9.74781
  SLIP=   83.50382
  
            X-DIR          Y-DIR          Z-DIR
  X:       0.9619781      0.2151792      0.1682141
  Y:      -0.1683710     -0.0177364      0.9855641
  Z:       0.2150564     -0.9764135      0.0191679
  T:       0.5611650      0.1396131      0.8158444
  P:      -0.7992776     -0.1646962      0.5779538
  
        TREND       PLUNGE
  X     12.60930     9.67957
  Y    186.00383    80.25219
  Z    282.41688     1.09340
  T     13.97183    54.66899
  P    191.63391    35.30373
  
  EIGENVALUES AND EIGENVECTORS OF THE MINOR DC
     1  0.3923E+22  ( 0.7992E+00, 0.1650E+00,-0.5780E+00)
     2 -0.3923E+22  ( 0.2153E+00,-0.9764E+00, 0.1907E-01)
     3  0.0000E+00  (-0.5611E+00,-0.1397E+00,-0.8158E+00)

  NODAL PLANES 
   STK=  231.34442
   DIP=   66.72180
  SLIP=  152.64515
   OR
   STK=  332.89959
   DIP=   65.03306
  SLIP=   25.84470
  
            X-DIR          Y-DIR          Z-DIR
  X:      -0.7171647      0.5740384      0.3951642
  Y:      -0.4132273     -0.8068648      0.4221520
  Z:       0.5611756      0.1394599      0.8158633
  T:      -0.7993079     -0.1646331      0.5779299
  P:       0.2149162     -0.9764461      0.0190833
  
        TREND       PLUNGE
  X    141.33305    23.27253
  Y    242.87476    24.96694
  Z     13.95684    54.67086
  T    191.62914    35.30205
  P    282.40862     1.08855
  
  --------------------------------------------------------------
  
  DECOMPOSITION INTO THREE DOUBLE COUPLES
  
  SEISMIC MOMENTS OF ISOTROPIC PART, EMT1, EMT2, EMT3
 -0.6990507E+06  0.2568322E+22  0.6491144E+22  0.9059467E+22
  
  EMT1
 -0.5923783E+00 -0.3421055E+00  0.4660181E+00
 -0.3421055E+00  0.9260455E+00  0.7673261E-01
  0.4660181E+00  0.7673261E-01 -0.3336672E+00
  
  
  EIGENVALUES                EIGENVECTORS
 -0.1000000E+01   -0.5923783 -0.3421055  0.4660181
  0.2220446E-15   -0.3421055  0.9260455  0.0767326
  0.1000000E+01    0.4660181  0.0767326 -0.3336672

  NODAL PLANES 
   STK=   29.53307
   DIP=   68.29867
  SLIP= -154.06555
   OR
   STK=  289.33882
   DIP=   66.02453
  SLIP=  -23.87138
  
            X-DIR          Y-DIR          Z-DIR
  X:       0.4577811     -0.8085356      0.3697387
  Y:      -0.8622244     -0.3023329      0.4064036
  Z:       0.2168076      0.5048416      0.8355414
  T:      -0.9333849      0.3579394      0.0259259
  P:      -0.2859846     -0.7855026      0.5488155
  
        TREND       PLUNGE
  X    299.51457    21.69574
  Y    199.31399    23.97547
  Z     66.76226    56.67041
  T    159.02769     1.48073
  P    249.98845    33.28266
  
  EMT2
  0.2685075E+00  0.2886386E+00  0.4536979E+00
  0.2886386E+00 -0.9337492E+00  0.1325926E+00
  0.4536979E+00  0.1325926E+00  0.6652417E+00
  
  
  EIGENVALUES                EIGENVECTORS
 -0.1000000E+01    0.2685075  0.2886386  0.4536979
  0.6661338E-15    0.2886386 -0.9337492  0.1325926
  0.1000000E+01    0.4536979  0.1325926  0.6652417

  NODAL PLANES 
   STK=   13.90746
   DIP=   65.13258
  SLIP=  140.42560
   OR
   STK=  123.07327
   DIP=   54.68918
  SLIP=   31.01919
  
            X-DIR          Y-DIR          Z-DIR
  X:       0.2179674     -0.8807292      0.4204834
  Y:       0.6838374      0.4452182      0.5780547
  Z:      -0.6963165      0.1615452      0.6993186
  T:       0.6376723     -0.3079528      0.7060730
  P:       0.3294198      0.9375864      0.1114197
  
        TREND       PLUNGE
  X    283.89635    24.86151
  Y     33.06831    35.31082
  Z    166.94768    44.36984
  T    334.22116    44.91381
  P     70.64504     6.39255
  
  EMT3
 -0.3238709E+00 -0.5346687E-01  0.9197160E+00
 -0.5346687E-01 -0.7703701E-02  0.2093252E+00
  0.9197160E+00  0.2093252E+00  0.3315746E+00
  
  
  EIGENVALUES                EIGENVECTORS
 -0.1000000E+01   -0.3238709 -0.0534669  0.9197160
  0.4653920E-16   -0.0534669 -0.0077037  0.2093252
  0.1000000E+01    0.9197160  0.2093252  0.3315746

  NODAL PLANES 
   STK=  281.80675
   DIP=   66.23059
  SLIP=  -91.40176
   OR
   STK=  105.28100
   DIP=   23.80831
  SLIP=  -86.82078
  
            X-DIR          Y-DIR          Z-DIR
  X:      -0.8958587     -0.1870852      0.4030339
  Y:       0.3893965      0.1063456      0.9149104
  Z:       0.2140271     -0.9765704      0.0224203
  T:       0.9088127      0.2074869      0.3619513
  P:      -0.3581228     -0.0570915      0.9319274
  
        TREND       PLUNGE
  X    191.78646    23.76433
  Y     15.27603    66.19169
  Z    282.35733     1.27980
  T     12.86123    21.21628
  P    189.04838    68.73611
  
  --------------------------------------------------------------
  
  DECOMPOSITION INTO THREE VECTOR DIPOLES
  
  SEISMIC MOMENTS OF ISOTROPIC PART, EMT1, EMT2, EMT3
 -0.6990507E+06  0.3922822E+22  0.1162779E+23  0.1555061E+23
  
            DIPOLE AXES
  0.2153402 -0.9763529  0.0190710
  0.7992182  0.1649830 -0.5779540
 -0.5611407 -0.1396986 -0.8158464
  
  --------------------------------------------------------------
  
  DECOMPOSITION INTO THREE COMPENSATED LINEAR VECTOR DIPOLES
  
  SEISMIC MOMENTS OF ISOTROPIC PART, EMT1, EMT2, EMT3
 -0.6990507E+06  0.2264842E+22  0.6713307E+22  0.8978149E+22
  
  EIGENVALUE          AXES OF CLVD
       -1    0.7992182  0.1649830 -0.5779540
        2    0.2153402 -0.9763529  0.0190710
       -1   -0.5611407 -0.1396986 -0.8158464
  
  EIGENVALUE          AXES OF CLVD
        2    0.7992182  0.1649830 -0.5779540
       -1    0.2153402 -0.9763529  0.0190710
       -1   -0.5611407 -0.1396986 -0.8158464
  
  EIGENVALUE          AXES OF CLVD
       -1    0.7992182  0.1649830 -0.5779540
       -1    0.2153402 -0.9763529  0.0190710
        2   -0.5611407 -0.1396986 -0.8158464
  
  --------------------------------------------------------------
  
  DECOMPOSITION INTO A DOUBLE COUPLE AND A CLVD
  
  SEISMIC MOMENTS OF ISOTROPIC PART, DC, CLVD
 -0.6990507E+06  0.7704967E+22  0.3922822E+22
 Isotropic: moment=sqrt(sum mij**2/2)=   856158.71884287125     
      (|e1| + |e2|)/2=   699050.625    
          -0.69905E+06 0.00000E+00 0.00000E+00
           0.00000E+00-0.69905E+06 0.00000E+00
           0.00000E+00 0.00000E+00-0.69905E+06
 Double couple: moment=sqrt(sum mij**2/2)=   1.5550611229222990E+022
      (|e1| + |e2|)/2=   1.55506109E+22
          -0.50364E+22-0.83144E+21 0.14302E+23
          -0.83144E+21-0.11980E+21 0.32551E+22
           0.14302E+23 0.32551E+22 0.51562E+22
  
  EIGENVALUES AND EIGENVECTORS OF THE DC
 -0.1555061E+23    0.7992182  0.1649830 -0.5779540
  0.0000000E+00    0.2153402 -0.9763529  0.0190710
  0.1555061E+23   -0.5611407 -0.1396986 -0.8158464

  NODAL PLANES 
   STK=  102.61917
   DIP=   80.31538
  SLIP=   91.11346
   OR
   STK=  276.02866
   DIP=    9.74781
  SLIP=   83.50382
  
            X-DIR          Y-DIR          Z-DIR
  X:       0.9619781      0.2151792      0.1682141
  Y:      -0.1683710     -0.0177364      0.9855641
  Z:       0.2150564     -0.9764135      0.0191679
  T:       0.5611650      0.1396131      0.8158444
  P:      -0.7992776     -0.1646962      0.5779538
  
        TREND       PLUNGE
  X     12.60930     9.67957
  Y    186.00383    80.25219
  Z    282.41688     1.09340
  T     13.97183    54.66899
  P    191.63391    35.30373
  
 CLVD: moment=sqrt(sum mij**2/2)=   6.7945272622922858E+021
      (|e1| + |e2|)/2=   5.88423326E+21
          -0.21718E+21 0.92254E+21 0.53877E+22
           0.92254E+21-0.36932E+22 0.13413E+22
           0.53877E+22 0.13413E+22 0.39103E+22
  EIGENVALUE          AXES OF CLVD
 -0.3922822E+22    0.7992182  0.1649830 -0.5779540
 -0.3922822E+22    0.2153402 -0.9763529  0.0190710
  0.7845644E+22   -0.5611407 -0.1396986 -0.8158464
 Original moment tensor
          -0.52536E+22 0.91094E+20 0.19690E+23
           0.91094E+20-0.38129E+22 0.45964E+22
           0.19690E+23 0.45964E+22 0.90665E+22
  
  --------------------------------------------------------------
 EVD:  -1.1627789085322290E+022  -3.9228221439007014E+021   1.5550611229222990E+022
 EVP:   3.9228221439007014E+021   1.1627789085322290E+022   1.5550611229222990E+022
  
  DECOMPOSITION INTO A DOUBLE COUPLE AND A CRACK
  
  SEISMIC MOMENTS OF ISOTROPIC PART, DC, CRACK
 -0.9807055E+22  0.7704967E+22  0.5884233E+22
  
  EIGENVALUES AND EIGENVECTORS OF THE DC
 -0.1555061E+23    0.7992182  0.1649830 -0.5779540
  0.0000000E+00    0.2153402 -0.9763529  0.0190710
  0.1555061E+23   -0.5611407 -0.1396986 -0.8158464

  NODAL PLANES 
   STK=  102.61917
   DIP=   80.31538
  SLIP=   91.11346
   OR
   STK=  276.02866
   DIP=    9.74781
  SLIP=   83.50382
  
            X-DIR          Y-DIR          Z-DIR
  X:       0.9619781      0.2151792      0.1682141
  Y:      -0.1683710     -0.0177364      0.9855641
  Z:       0.2150564     -0.9764135      0.0191679
  T:       0.5611650      0.1396131      0.8158444
  P:      -0.7992776     -0.1646962      0.5779538
  
        TREND       PLUNGE
  X     12.60930     9.67957
  Y    186.00383    80.25219
  Z    282.41688     1.09340
  T     13.97183    54.66899
  P    191.63391    35.30373
  
  EIGENVALUE          AXES OF CRACK
        1    0.7992182  0.1649830 -0.5779540
        1    0.2153402 -0.9763529  0.0190710
        3   -0.5611407 -0.1396986 -0.8158464
