  
  INPUT MOMENT TENSOR
 -0.2690000E+22  0.4790000E+21  0.1260000E+23
  0.4790000E+21 -0.3760000E+22  0.1380000E+22
  0.1260000E+23  0.1380000E+22  0.6450000E+22
  EIGENVALUES AND EIGENVECTOR OF M(i,j)
     1 -0.1154E+23  ( 0.8162E+00, 0.5180E-01,-0.5755E+00)
     2 -0.3842E+22  ( 0.8446E-01,-0.9960E+00, 0.3014E-01)
     3  0.1539E+23  (-0.5716E+00,-0.7321E-01,-0.8173E+00)
   EIGENVALUES               EIGENVECTORS
     1 -0.1154E+23  ( 0.8162E+00, 0.5180E-01,-0.5755E+00)
     2 -0.3842E+22  ( 0.8446E-01,-0.9960E+00, 0.3014E-01)
     3  0.1539E+23  (-0.5716E+00,-0.7321E-01,-0.8173E+00)
  
 Input: moment=sqrt(sum mij**2/2)=   1.3870181721953022E+022
      (|e1| + |e2|)/2=   1.34651031E+22
          -0.26900E+22 0.47900E+21 0.12600E+23
           0.47900E+21-0.37600E+22 0.13800E+22
           0.12600E+23 0.13800E+22 0.64500E+22
  SEISMIC MOMENT OF THE INPUT MOMENT TENSOR:   0.1387018E+23
  
  ISOTROPIC COMPONENT (TRACE OF MOMENT TENSOR):   0.2097152E+07
  
  INPUT MOMENT TENSOR IS PURELY DEVIATORIC
 Deviatoric: moment=sqrt(sum mij**2/2)=   1.3870181721953022E+022
      (|e1| + |e2|)/2=   1.34651031E+22
          -0.26900E+22 0.47900E+21 0.12600E+23
           0.47900E+21-0.37600E+22 0.13800E+22
           0.12600E+23 0.13800E+22 0.64500E+22
  EIGENVALUES OF THE PURELY DEVIATORIC MOMENT TENSOR
 -0.1154391E+23 -0.3842380E+22  0.1538629E+23
  
  SORTED EIGENVALUES
  0.3842380E+22  0.1154391E+23  0.1538629E+23
  EPSILON    % OF CLVD     % OF DC
  0.249727   49.945495   50.054505
  LUNE PARAMETERS
  beta:   90.00 gamma: -13.88
  
  --------------------------------------------------------------
  
  DECOMPOSITION INTO MAJOR AND MINOR DOUBLE COUPLE
  
  SEISMIC MOMENT OF ISOTROPIC PART, MAJOR, AND MINOR COUPLE
  0.6990507E+06  0.1538629E+23  0.3842380E+22
  
  EIGENVALUES AND EIGENVECTORS OF THE MAJOR DC
     1 -0.1539E+23  ( 0.8162E+00, 0.5180E-01,-0.5755E+00)
     2  0.0000E+00  ( 0.8446E-01,-0.9960E+00, 0.3014E-01)
     3  0.1539E+23  (-0.5716E+00,-0.7321E-01,-0.8173E+00)

  NODAL PLANES 
   STK=   95.14165
   DIP=   80.15588
  SLIP=   91.75783
   OR
   STK=  264.96518
   DIP=    9.99831
  SLIP=   79.97492
  
            X-DIR          Y-DIR          Z-DIR
  X:       0.9813296      0.0881249      0.1709565
  Y:      -0.1729358      0.0152803      0.9848146
  Z:       0.0841745     -0.9959922      0.0302350
  T:       0.5716207      0.0731186      0.8172536
  P:      -0.8161890     -0.0515089      0.5754845
  
        TREND       PLUNGE
  X      5.13177     9.83902
  Y    174.96021    80.00169
  Z    274.82607     1.72773
  T      7.28978    54.80886
  P    183.60136    35.13054
  
  EIGENVALUES AND EIGENVECTORS OF THE MINOR DC
     1  0.3842E+22  ( 0.8162E+00, 0.5180E-01,-0.5755E+00)
     2 -0.3842E+22  ( 0.8446E-01,-0.9960E+00, 0.3014E-01)
     3  0.0000E+00  (-0.5716E+00,-0.7321E-01,-0.8173E+00)

  NODAL PLANES 
   STK=  223.64239
   DIP=   67.31747
  SLIP=  152.35004
   OR
   STK=  325.06402
   DIP=   64.64817
  SLIP=   25.25956
  
            X-DIR          Y-DIR          Z-DIR
  X:      -0.6365667      0.6679076      0.3855935
  Y:      -0.5177277     -0.7406588      0.4282318
  Z:       0.5716125      0.0729657      0.8172730
  T:      -0.8162094     -0.0514429      0.5754614
  P:       0.0840319     -0.9960069      0.0301499
  
        TREND       PLUNGE
  X    133.63107    22.67687
  Y    235.03918    25.35183
  Z      7.27481    54.81079
  T    183.59665    35.12892
  P    274.81785     1.72285
  
  --------------------------------------------------------------
  
  DECOMPOSITION INTO THREE DOUBLE COUPLES
  
  SEISMIC MOMENTS OF ISOTROPIC PART, EMT1, EMT2, EMT3
  0.6990507E+06  0.2567178E+22  0.6409558E+22  0.8976736E+22
  
  EMT1
 -0.6589992E+00 -0.1264034E+00  0.4722392E+00
 -0.1264034E+00  0.9892740E+00 -0.2048489E-03
  0.4722392E+00 -0.2048489E-03 -0.3302748E+00
  
  
  EIGENVALUES                EIGENVECTORS
 -0.1000000E+01   -0.6589992 -0.1264034  0.4722392
  0.4440892E-15   -0.1264034  0.9892740 -0.0002048
  0.1000000E+01    0.4722392 -0.0002048 -0.3302748

  NODAL PLANES 
   STK=   25.19291
   DIP=   52.28939
  SLIP= -149.29728
   OR
   STK=  275.23065
   DIP=   66.17603
  SLIP=  -41.96285
  
            X-DIR          Y-DIR          Z-DIR
  X:       0.3365892     -0.7159734      0.6116288
  Y:      -0.9109778     -0.0831533      0.4039864
  Z:       0.2383845      0.6931577      0.6802244
  T:       0.8821631     -0.4474714      0.1468254
  P:      -0.4061541     -0.5650679      0.7181484
  
        TREND       PLUNGE
  X    295.17530    37.70448
  Y    185.20582    23.82397
  Z     71.02527    42.85858
  T    333.10242     8.43850
  P    234.28560    45.89939
  
  EMT2
  0.3195981E+00  0.1259686E+00  0.4646025E+00
  0.1259686E+00 -0.9865985E+00  0.8984391E-01
  0.4646025E+00  0.8984391E-01  0.6670004E+00
  
  
  EIGENVALUES                EIGENVECTORS
 -0.1000000E+01    0.3195981  0.1259686  0.4646025
 -0.1110223E-15    0.1259686 -0.9865985  0.0898439
  0.1000000E+01    0.4646025  0.0898439  0.6670004

  NODAL PLANES 
   STK=  333.26353
   DIP=   45.39254
  SLIP=  126.57666
   OR
   STK=  106.68551
   DIP=   55.12930
  SLIP=   58.86302
  
            X-DIR          Y-DIR          Z-DIR
  X:      -0.3203616     -0.6358377      0.7021958
  Y:       0.7858948      0.2354751      0.5717699
  Z:      -0.5289025      0.7350251      0.4242644
  T:       0.3291817     -0.2830991      0.9008298
  P:      -0.7822414     -0.6161112      0.0922250
  
        TREND       PLUNGE
  X    243.25268    44.60093
  Y     16.68054    34.87070
  Z    125.74462    25.10053
  T    319.30194    64.26594
  P    218.21695     5.28695
  
  EMT3
 -0.3394011E+00 -0.4348076E-03  0.9368417E+00
 -0.4348076E-03  0.2675569E-02  0.8963906E-01
  0.9368417E+00  0.8963906E-01  0.3367256E+00
  
  
  EIGENVALUES                EIGENVECTORS
 -0.1000000E+01   -0.3394011 -0.0004348  0.9368417
 -0.6233985E-17   -0.0004348  0.0026756  0.0896391
  0.1000000E+01    0.9368417  0.0896391  0.3367256

  NODAL PLANES 
   STK=  274.00335
   DIP=   65.05427
  SLIP=  -91.96000
   OR
   STK=   98.64220
   DIP=   25.01770
  SLIP=  -85.79474
  
            X-DIR          Y-DIR          Z-DIR
  X:      -0.9045182     -0.0631350      0.4217354
  Y:       0.4180811      0.0635032      0.9061874
  Z:       0.0839936     -0.9959826      0.0310442
  T:       0.9352190      0.0895467      0.3425593
  P:      -0.3439630      0.0000000      0.9389832
  
        TREND       PLUNGE
  X    183.98303    24.94061
  Y      8.63723    64.98230
  Z    274.81579     1.77412
  T      5.46967    20.02902
  P    179.96656    69.88038
  
  --------------------------------------------------------------
  
  DECOMPOSITION INTO THREE VECTOR DIPOLES
  
  SEISMIC MOMENTS OF ISOTROPIC PART, EMT1, EMT2, EMT3
  0.6990507E+06  0.3842380E+22  0.1154391E+23  0.1538629E+23
  
            DIPOLE AXES
  0.0844644 -0.9959706  0.0301377
  0.8161700  0.0518022 -0.5754851
 -0.5716050 -0.0732055 -0.8172568
  
  --------------------------------------------------------------
  
  DECOMPOSITION INTO THREE COMPENSATED LINEAR VECTOR DIPOLES
  
  SEISMIC MOMENTS OF ISOTROPIC PART, EMT1, EMT2, EMT3
  0.6990507E+06  0.2218399E+22  0.6664882E+22  0.8883281E+22
  
  EIGENVALUE          AXES OF CLVD
       -1    0.8161700  0.0518022 -0.5754851
        2    0.0844644 -0.9959706  0.0301377
       -1   -0.5716050 -0.0732055 -0.8172568
  
  EIGENVALUE          AXES OF CLVD
        2    0.8161700  0.0518022 -0.5754851
       -1    0.0844644 -0.9959706  0.0301377
       -1   -0.5716050 -0.0732055 -0.8172568
  
  EIGENVALUE          AXES OF CLVD
       -1    0.8161700  0.0518022 -0.5754851
       -1    0.0844644 -0.9959706  0.0301377
        2   -0.5716050 -0.0732055 -0.8172568
  
  --------------------------------------------------------------
  
  DECOMPOSITION INTO A DOUBLE COUPLE AND A CLVD
  
  SEISMIC MOMENTS OF ISOTROPIC PART, DC, CLVD
  0.6990507E+06  0.7701533E+22  0.3842380E+22
 Isotropic: moment=sqrt(sum mij**2/2)=   856158.71884287125     
      (|e1| + |e2|)/2=   699050.625    
           0.69905E+06 0.00000E+00 0.00000E+00
           0.00000E+00 0.69905E+06 0.00000E+00
           0.00000E+00 0.00000E+00 0.69905E+06
 Double couple: moment=sqrt(sum mij**2/2)=   1.5386294190498852E+022
      (|e1| + |e2|)/2=   1.53862937E+22
          -0.52221E+22-0.66901E+19 0.14415E+23
          -0.66901E+19 0.41167E+20 0.13792E+22
           0.14415E+23 0.13792E+22 0.51810E+22
  
  EIGENVALUES AND EIGENVECTORS OF THE DC
 -0.1538629E+23    0.8161700  0.0518022 -0.5754851
  0.0000000E+00    0.0844644 -0.9959706  0.0301377
  0.1538629E+23   -0.5716050 -0.0732055 -0.8172568

  NODAL PLANES 
   STK=   95.14165
   DIP=   80.15588
  SLIP=   91.75783
   OR
   STK=  264.96518
   DIP=    9.99831
  SLIP=   79.97492
  
            X-DIR          Y-DIR          Z-DIR
  X:       0.9813296      0.0881249      0.1709565
  Y:      -0.1729358      0.0152803      0.9848146
  Z:       0.0841745     -0.9959922      0.0302350
  T:       0.5716207      0.0731186      0.8172536
  P:      -0.8161890     -0.0515089      0.5754845
  
        TREND       PLUNGE
  X      5.13177     9.83902
  Y    174.96021    80.00169
  Z    274.82607     1.72773
  T      7.28978    54.80886
  P    183.60136    35.13054
  
 CLVD: moment=sqrt(sum mij**2/2)=   6.6551980362766955E+021
      (|e1| + |e2|)/2=   5.76357057E+21
          -0.76091E+20 0.48235E+21 0.53849E+22
           0.48235E+21-0.37806E+22 0.68964E+21
           0.53849E+22 0.68964E+21 0.38567E+22
  EIGENVALUE          AXES OF CLVD
 -0.3842380E+22    0.8161700  0.0518022 -0.5754851
 -0.3842380E+22    0.0844644 -0.9959706  0.0301377
  0.7684761E+22   -0.5716050 -0.0732055 -0.8172568
 Original moment tensor
          -0.52982E+22 0.47566E+21 0.19799E+23
           0.47566E+21-0.37394E+22 0.20689E+22
           0.19799E+23 0.20689E+22 0.90377E+22
  
  --------------------------------------------------------------
 EVD:  -1.1543913812744236E+022  -3.8423803777546207E+021   1.5386294190498858E+022
 EVP:   3.8423803777546207E+021   1.1543913812744236E+022   1.5386294190498858E+022
  
  DECOMPOSITION INTO A DOUBLE COUPLE AND A CRACK
  
  SEISMIC MOMENTS OF ISOTROPIC PART, DC, CRACK
 -0.9605951E+22  0.7701533E+22  0.5763571E+22
  
  EIGENVALUES AND EIGENVECTORS OF THE DC
 -0.1538629E+23    0.8161700  0.0518022 -0.5754851
  0.0000000E+00    0.0844644 -0.9959706  0.0301377
  0.1538629E+23   -0.5716050 -0.0732055 -0.8172568

  NODAL PLANES 
   STK=   95.14165
   DIP=   80.15588
  SLIP=   91.75783
   OR
   STK=  264.96518
   DIP=    9.99831
  SLIP=   79.97492
  
            X-DIR          Y-DIR          Z-DIR
  X:       0.9813296      0.0881249      0.1709565
  Y:      -0.1729358      0.0152803      0.9848146
  Z:       0.0841745     -0.9959922      0.0302350
  T:       0.5716207      0.0731186      0.8172536
  P:      -0.8161890     -0.0515089      0.5754845
  
        TREND       PLUNGE
  X      5.13177     9.83902
  Y    174.96021    80.00169
  Z    274.82607     1.72773
  T      7.28978    54.80886
  P    183.60136    35.13054
  
  EIGENVALUE          AXES OF CRACK
        1    0.8161700  0.0518022 -0.5754851
        1    0.0844644 -0.9959706  0.0301377
        3   -0.5716050 -0.0732055 -0.8172568
