  
  INPUT MOMENT TENSOR
 -0.2990000E+22  0.1940000E+22  0.1080000E+23
  0.1940000E+22 -0.1160000E+22 -0.4870000E+22
  0.1080000E+23 -0.4870000E+22  0.4150000E+22
  EIGENVALUES AND EIGENVECTOR OF M(i,j)
     1 -0.1256E+23  (-0.7271E+00, 0.3706E+00, 0.5779E+00)
     2 -0.5817E+19  ( 0.4250E+00, 0.9041E+00,-0.4497E-01)
     3  0.1257E+23  (-0.5391E+00, 0.2129E+00,-0.8149E+00)
   EIGENVALUES               EIGENVECTORS
     1 -0.1256E+23  (-0.7271E+00, 0.3706E+00, 0.5779E+00)
     2 -0.5817E+19  ( 0.4250E+00, 0.9041E+00,-0.4497E-01)
     3  0.1257E+23  (-0.5391E+00, 0.2129E+00,-0.8149E+00)
  
 Input: moment=sqrt(sum mij**2/2)=   1.2564815955675593E+022
      (|e1| + |e2|)/2=   1.25648155E+22
          -0.29900E+22 0.19400E+22 0.10800E+23
           0.19400E+22-0.11600E+22-0.48700E+22
           0.10800E+23-0.48700E+22 0.41500E+22
  SEISMIC MOMENT OF THE INPUT MOMENT TENSOR:   0.1256482E+23
  
  ISOTROPIC COMPONENT (TRACE OF MOMENT TENSOR):   0.0000000E+00
  
  INPUT MOMENT TENSOR IS PURELY DEVIATORIC
 Deviatoric: moment=sqrt(sum mij**2/2)=   1.2564815955675593E+022
      (|e1| + |e2|)/2=   1.25648155E+22
          -0.29900E+22 0.19400E+22 0.10800E+23
           0.19400E+22-0.11600E+22-0.48700E+22
           0.10800E+23-0.48700E+22 0.41500E+22
  EIGENVALUES OF THE PURELY DEVIATORIC MOMENT TENSOR
 -0.1256191E+23 -0.5817093E+19  0.1256772E+23
  
  SORTED EIGENVALUES
  0.5817093E+19  0.1256191E+23  0.1256772E+23
  EPSILON    % OF CLVD     % OF DC
  0.000463    0.092572   99.907428
  LUNE PARAMETERS
  beta:   90.00 gamma:  -0.02
  
  --------------------------------------------------------------
  
  DECOMPOSITION INTO MAJOR AND MINOR DOUBLE COUPLE
  
  SEISMIC MOMENT OF ISOTROPIC PART, MAJOR, AND MINOR COUPLE
  0.0000000E+00  0.1256772E+23  0.5817093E+19
  
  EIGENVALUES AND EIGENVECTORS OF THE MAJOR DC
     1 -0.1257E+23  (-0.7271E+00, 0.3706E+00, 0.5779E+00)
     2  0.0000E+00  ( 0.4250E+00, 0.9041E+00,-0.4497E-01)
     3  0.1257E+23  (-0.5391E+00, 0.2129E+00,-0.8149E+00)

  NODAL PLANES 
   STK=   65.26620
   DIP=   80.35294
  SLIP=   92.61023
   OR
   STK=  230.04758
   DIP=    9.99072
  SLIP=   75.00168
  
            X-DIR          Y-DIR          Z-DIR
  X:       0.8953581     -0.4126203      0.1675662
  Y:      -0.1329607      0.1114294      0.9848375
  Z:      -0.4250357     -0.9040619      0.0449069
  T:       0.5390964     -0.2129741      0.8148725
  P:      -0.7271312      0.3705591      0.5778981
  
        TREND       PLUNGE
  X    335.25631     9.64191
  Y    140.04261    80.00928
  Z    244.81355     2.56902
  T    338.44193    54.57280
  P    153.00424    35.29982
  
  EIGENVALUES AND EIGENVECTORS OF THE MINOR DC
     1  0.5817E+19  (-0.7271E+00, 0.3706E+00, 0.5779E+00)
     2 -0.5817E+19  ( 0.4250E+00, 0.9041E+00,-0.4497E-01)
     3  0.0000E+00  (-0.5391E+00, 0.2129E+00,-0.8149E+00)

  NODAL PLANES 
   STK=  193.33661
   DIP=   67.85880
  SLIP=  151.61710
   OR
   STK=  294.84686
   DIP=   63.87650
  SLIP=   24.82015
  
            X-DIR          Y-DIR          Z-DIR
  X:      -0.2133972      0.9013537      0.3768596
  Y:      -0.8148196     -0.3770275      0.4403627
  Z:       0.5390090     -0.2131004      0.8148972
  T:      -0.7270591      0.3707546      0.5778635
  P:      -0.4252698     -0.9039520      0.0449035
  
        TREND       PLUNGE
  X    103.32534    22.13555
  Y    204.82203    26.12350
  Z    338.42715    54.57525
  T    152.98971    35.29739
  P    244.79871     2.56882
  
  --------------------------------------------------------------
  
  DECOMPOSITION INTO THREE DOUBLE COUPLES
  
  SEISMIC MOMENTS OF ISOTROPIC PART, EMT1, EMT2, EMT3
  0.0000000E+00  0.4185363E+22  0.4191180E+22  0.8376543E+22
  
  EMT1
 -0.3481234E+00  0.6536607E+00  0.4010962E+00
  0.6536607E+00  0.6800609E+00 -0.2547978E+00
  0.4010962E+00 -0.2547978E+00 -0.3319375E+00
  
  
  EIGENVALUES                EIGENVECTORS
 -0.1000000E+01   -0.3481234  0.6536607  0.4010962
  0.3330669E-15    0.6536607  0.6800609 -0.2547978
  0.1000000E+01    0.4010962 -0.2547978 -0.3319375

  NODAL PLANES 
   STK=  129.63035
   DIP=   81.71058
  SLIP=  -22.42419
   OR
   STK=  223.03516
   DIP=   67.82261
  SLIP= -171.04309
  
            X-DIR          Y-DIR          Z-DIR
  X:      -0.6317971      0.6769779      0.3775359
  Y:       0.7622942      0.6309352      0.1443203
  Z:       0.1404990     -0.3789745      0.9146794
  T:      -0.9857714      0.0325571      0.1649083
  P:       0.0922754      0.9248342      0.3690080
  
        TREND       PLUNGE
  X    133.03019    22.17739
  Y     39.61604     8.29341
  Z    290.33765    66.15892
  T    178.11821     9.48747
  P     84.30682    21.65068
  
  EMT2
  0.1100512E+00 -0.4989945E+00  0.4584337E+00
 -0.4989945E+00 -0.7720461E+00 -0.1328207E+00
  0.4584337E+00 -0.1328207E+00  0.6619949E+00
  
  
  EIGENVALUES                EIGENVECTORS
 -0.1000000E+01    0.1100512 -0.4989945  0.4584337
 -0.3330669E-15   -0.4989945 -0.7720461 -0.1328207
  0.1000000E+01    0.4584337 -0.1328207  0.6619949

  NODAL PLANES 
   STK=  141.28053
   DIP=   76.45496
  SLIP=   39.77528
   OR
   STK=   40.24825
   DIP=   51.53888
  SLIP=  162.59605
  
            X-DIR          Y-DIR          Z-DIR
  X:       0.5058733     -0.5976457      0.6220223
  Y:       0.6080362      0.7585429      0.2343173
  Z:      -0.6118694      0.2596772      0.7471168
  T:       0.7876530      0.1137715      0.6055236
  P:      -0.0722400     -0.9589702      0.2741488
  
        TREND       PLUNGE
  X    310.24328    38.46112
  Y     51.28771    13.54717
  Z    157.01231    48.33894
  T      8.21962    37.26362
  P    265.68679    15.90721
  
  EMT3
 -0.2380722E+00  0.1546662E+00  0.8595298E+00
  0.1546662E+00 -0.9198516E-01 -0.3876185E+00
  0.8595298E+00 -0.3876185E+00  0.3300573E+00
  
  
  EIGENVALUES                EIGENVECTORS
 -0.1000000E+01   -0.2380722  0.1546662  0.8595298
 -0.4945059E-16    0.1546662 -0.0919852 -0.3876185
  0.1000000E+01    0.8595298 -0.3876185  0.3300573

  NODAL PLANES 
   STK=  242.66178
   DIP=   69.95435
  SLIP=  -94.55542
   OR
   STK=   75.74756
   DIP=   20.53596
  SLIP=  -77.71975
  
            X-DIR          Y-DIR          Z-DIR
  X:      -0.8344397      0.4315509      0.3427450
  Y:       0.3399737     -0.0863841      0.9364591
  Z:      -0.4337375     -0.8979430      0.0746336
  T:       0.8304357     -0.3662354      0.4198193
  P:      -0.3496403      0.2440698      0.9045339
  
        TREND       PLUNGE
  X    152.66157    20.04034
  Y    345.74260    69.46404
  Z    244.21146     4.27544
  T    336.20044    24.81958
  P    145.09067    64.75919
  
  --------------------------------------------------------------
  
  DECOMPOSITION INTO THREE VECTOR DIPOLES
  
  SEISMIC MOMENTS OF ISOTROPIC PART, EMT1, EMT2, EMT3
  0.0000000E+00  0.5817093E+19  0.1256191E+23  0.1256772E+23
  
            DIPOLE AXES
  0.4249806  0.9040846 -0.0449726
 -0.7271395  0.3705511  0.5778928
 -0.5391286  0.2128918 -0.8148726
  
  --------------------------------------------------------------
  
  DECOMPOSITION INTO THREE COMPENSATED LINEAR VECTOR DIPOLES
  
  SEISMIC MOMENTS OF ISOTROPIC PART, EMT1, EMT2, EMT3
  0.0000000E+00  0.3358500E+19  0.7252620E+22  0.7255978E+22
  
  EIGENVALUE          AXES OF CLVD
       -1   -0.7271395  0.3705511  0.5778928
        2    0.4249806  0.9040846 -0.0449726
       -1   -0.5391286  0.2128918 -0.8148726
  
  EIGENVALUE          AXES OF CLVD
        2   -0.7271395  0.3705511  0.5778928
       -1    0.4249806  0.9040846 -0.0449726
       -1   -0.5391286  0.2128918 -0.8148726
  
  EIGENVALUE          AXES OF CLVD
       -1   -0.7271395  0.3705511  0.5778928
       -1    0.4249806  0.9040846 -0.0449726
        2   -0.5391286  0.2128918 -0.8148726
  
  --------------------------------------------------------------
  
  DECOMPOSITION INTO A DOUBLE COUPLE AND A CLVD
  
  SEISMIC MOMENTS OF ISOTROPIC PART, DC, CLVD
  0.0000000E+00  0.1255609E+23  0.5817093E+19
 Isotropic: moment=sqrt(sum mij**2/2)=   0.0000000000000000     
      (|e1| + |e2|)/2=   0.00000000    
           0.00000E+00 0.00000E+00 0.00000E+00
           0.00000E+00 0.00000E+00 0.00000E+00
           0.00000E+00 0.00000E+00 0.00000E+00
 Double couple: moment=sqrt(sum mij**2/2)=   1.2567723492148496E+022
      (|e1| + |e2|)/2=   1.25677237E+22
          -0.29920E+22 0.19438E+22 0.10802E+23
           0.19438E+22-0.11560E+22-0.48715E+22
           0.10802E+23-0.48715E+22 0.41481E+22
  
  EIGENVALUES AND EIGENVECTORS OF THE DC
 -0.1256772E+23   -0.7271395  0.3705511  0.5778928
  0.0000000E+00    0.4249806  0.9040846 -0.0449726
  0.1256772E+23   -0.5391286  0.2128918 -0.8148726

  NODAL PLANES 
   STK=   65.26620
   DIP=   80.35294
  SLIP=   92.61023
   OR
   STK=  230.04758
   DIP=    9.99072
  SLIP=   75.00168
  
            X-DIR          Y-DIR          Z-DIR
  X:       0.8953581     -0.4126203      0.1675662
  Y:      -0.1329607      0.1114294      0.9848375
  Z:      -0.4250357     -0.9040619      0.0449069
  T:       0.5390964     -0.2129741      0.8148725
  P:      -0.7271312      0.3705591      0.5778981
  
        TREND       PLUNGE
  X    335.25631     9.64191
  Y    140.04261    80.00928
  Z    244.81355     2.56902
  T    338.44193    54.57280
  P    153.00424    35.29982
  
 CLVD: moment=sqrt(sum mij**2/2)=   1.0075500258675538E+019
      (|e1| + |e2|)/2=   8.72563907E+18
          -0.74471E+18-0.20030E+19 0.76667E+19
          -0.20030E+19-0.50261E+19-0.30274E+19
           0.76667E+19-0.30274E+19 0.57709E+19
  EIGENVALUE          AXES OF CLVD
 -0.5817093E+19   -0.7271395  0.3705511  0.5778928
 -0.5817093E+19    0.4249806  0.9040846 -0.0449726
  0.1163419E+20   -0.5391286  0.2128918 -0.8148726
 Original moment tensor
          -0.29928E+22 0.19418E+22 0.10810E+23
           0.19418E+22-0.11611E+22-0.48745E+22
           0.10810E+23-0.48745E+22 0.41538E+22
  
  --------------------------------------------------------------
 EVD:  -1.2561906399361934E+022  -5.8170927865664676E+018   1.2567723492148500E+022
 EVP:   5.8170927865664676E+018   1.2561906399361934E+022   1.2567723492148500E+022
  
  DECOMPOSITION INTO A DOUBLE COUPLE AND A CRACK
  
  SEISMIC MOMENTS OF ISOTROPIC PART, DC, CRACK
 -0.1454273E+20  0.1255609E+23  0.8725639E+19
  
  EIGENVALUES AND EIGENVECTORS OF THE DC
 -0.1256772E+23   -0.7271395  0.3705511  0.5778928
  0.0000000E+00    0.4249806  0.9040846 -0.0449726
  0.1256772E+23   -0.5391286  0.2128918 -0.8148726

  NODAL PLANES 
   STK=   65.26620
   DIP=   80.35294
  SLIP=   92.61023
   OR
   STK=  230.04758
   DIP=    9.99072
  SLIP=   75.00168
  
            X-DIR          Y-DIR          Z-DIR
  X:       0.8953581     -0.4126203      0.1675662
  Y:      -0.1329607      0.1114294      0.9848375
  Z:      -0.4250357     -0.9040619      0.0449069
  T:       0.5390964     -0.2129741      0.8148725
  P:      -0.7271312      0.3705591      0.5778981
  
        TREND       PLUNGE
  X    335.25631     9.64191
  Y    140.04261    80.00928
  Z    244.81355     2.56902
  T    338.44193    54.57280
  P    153.00424    35.29982
  
  EIGENVALUE          AXES OF CRACK
        1   -0.7271395  0.3705511  0.5778928
        1    0.4249806  0.9040846 -0.0449726
        3   -0.5391286  0.2128918 -0.8148726
