  
  INPUT MOMENT TENSOR
 -0.8440000E+22  0.3600000E+21  0.8990000E+22
  0.3600000E+21 -0.9120000E+22  0.2330000E+22
  0.8990000E+22  0.2330000E+22 -0.1500000E+23
  EIGENVALUES AND EIGENVECTOR OF M(i,j)
     1 -0.2153E+23  (-0.5583E+00,-0.1375E+00, 0.8182E+00)
     2 -0.9253E+22  ( 0.2599E+00,-0.9655E+00, 0.1514E-01)
     3 -0.1781E+22  (-0.7879E+00,-0.2211E+00,-0.5748E+00)
   EIGENVALUES               EIGENVECTORS
     1 -0.2153E+23  (-0.5583E+00,-0.1375E+00, 0.8182E+00)
     2 -0.9253E+22  ( 0.2599E+00,-0.9655E+00, 0.1514E-01)
     3 -0.1781E+22  (-0.7879E+00,-0.2211E+00,-0.5748E+00)
  
 Input: moment=sqrt(sum mij**2/2)=   1.6615733507732959E+022
      (|e1| + |e2|)/2=   1.53897265E+22
          -0.84400E+22 0.36000E+21 0.89900E+22
           0.36000E+21-0.91200E+22 0.23300E+22
           0.89900E+22 0.23300E+22-0.15000E+23
  SEISMIC MOMENT OF THE INPUT MOMENT TENSOR:   0.1661573E+23
  
  ISOTROPIC COMPONENT (TRACE OF MOMENT TENSOR):  -0.3256000E+23
  
  INPUT MOMENT TENSOR IS PARTIALLY DUE TO AN IMPLOSION
 Deviatoric: moment=sqrt(sum mij**2/2)=   9.9694700628134299E+021
      (|e1| + |e2|)/2=   9.87272242E+21
           0.24133E+22 0.36000E+21 0.89900E+22
           0.36000E+21 0.17333E+22 0.23300E+22
           0.89900E+22 0.23300E+22-0.41467E+22
  EIGENVALUES OF THE PURELY DEVIATORIC MOMENT TENSOR
 -0.1067266E+23  0.1599873E+22  0.9072786E+22
  
  SORTED EIGENVALUES
  0.1599873E+22  0.9072786E+22  0.1067266E+23
  EPSILON    % OF CLVD     % OF DC
  0.149904   29.980772   70.019228
  LUNE PARAMETERS
  beta:  143.13 gamma:   7.99
  
  --------------------------------------------------------------
  
  DECOMPOSITION INTO MAJOR AND MINOR DOUBLE COUPLE
  
  SEISMIC MOMENT OF ISOTROPIC PART, MAJOR, AND MINOR COUPLE
 -0.1085333E+23  0.1067266E+23  0.1599873E+22
  
  EIGENVALUES AND EIGENVECTORS OF THE MAJOR DC
     1 -0.1067E+23  (-0.5583E+00,-0.1375E+00, 0.8182E+00)
     2  0.0000E+00  ( 0.2599E+00,-0.9655E+00, 0.1514E-01)
     3  0.1067E+23  (-0.7879E+00,-0.2211E+00,-0.5748E+00)

  NODAL PLANES 
   STK=  284.91212
   DIP=   80.08892
  SLIP=  -90.88577
   OR
   STK=  110.04501
   DIP=    9.95019
  SLIP=  -84.94391
  
            X-DIR          Y-DIR          Z-DIR
  X:      -0.9519500     -0.2533174      0.1721090
  Y:       0.1623223      0.0592054      0.9849600
  Z:       0.2596973     -0.9655698      0.0152416
  T:       0.7879095      0.2209870      0.5747725
  P:      -0.5583511     -0.1372579      0.8181713
  
        TREND       PLUNGE
  X    194.89219     9.90604
  Y     20.04005    80.04981
  Z    285.04975     0.86839
  T     15.66822    35.08067
  P    193.80183    54.90022
  
  EIGENVALUES AND EIGENVECTORS OF THE MINOR DC
     1  0.0000E+00  (-0.5583E+00,-0.1375E+00, 0.8182E+00)
     2  0.1600E+22  ( 0.2599E+00,-0.9655E+00, 0.1514E-01)
     3 -0.1600E+22  (-0.7879E+00,-0.2211E+00,-0.5748E+00)

  NODAL PLANES 
   STK=  156.01159
   DIP=   66.68894
  SLIP= -152.99038
   OR
   STK=   54.60723
   DIP=   65.35034
  SLIP=  -25.81065
  
            X-DIR          Y-DIR          Z-DIR
  X:       0.3734028      0.8390465      0.3956910
  Y:       0.7408666     -0.5264245      0.4171258
  Z:      -0.5582894     -0.1373983      0.8181899
  T:       0.2598362     -0.9655338      0.0151567
  P:       0.7879074      0.2210572      0.5747483
  
        TREND       PLUNGE
  X     66.01304    23.30540
  Y    324.60226    24.64966
  Z    193.81689    54.90206
  T    285.05798     0.86353
  P     15.67298    35.07898
  
  --------------------------------------------------------------
  
  DECOMPOSITION INTO THREE DOUBLE COUPLES
  
  SEISMIC MOMENTS OF ISOTROPIC PART, EMT1, EMT2, EMT3
 -0.1085333E+23  0.4090844E+22  0.2490971E+22  0.6581815E+22
  
  EMT1
 -0.2441393E+00 -0.3276997E+00  0.4607211E+00
 -0.3276997E+00  0.9133169E+00  0.9784557E-01
  0.4607211E+00  0.9784557E-01 -0.6691776E+00
  
  
  EIGENVALUES                EIGENVECTORS
 -0.1000000E+01   -0.2441393 -0.3276997  0.4607211
 -0.2220446E-15   -0.3276997  0.9133169  0.0978456
  0.1000000E+01    0.4607211  0.0978456 -0.6691776

  NODAL PLANES 
   STK=  199.42639
   DIP=   70.57221
  SLIP=  140.89174
   OR
   STK=  304.55687
   DIP=   53.49653
  SLIP=   24.44358
  
            X-DIR          Y-DIR          Z-DIR
  X:      -0.3133990      0.8894750      0.3325887
  Y:      -0.6621061     -0.4557348      0.5949129
  Z:       0.6807324     -0.0337639      0.7317536
  T:      -0.6897863      0.3067006      0.6558427
  P:      -0.2465731     -0.9512070      0.1854912
  
        TREND       PLUNGE
  X    109.41552    19.42208
  Y    214.53203    36.50347
  Z    357.16033    47.03124
  T    156.03718    40.98087
  P    255.46181    10.68539
  
  EMT2
  0.5531871E+00  0.4251646E+00  0.4489119E+00
  0.4251646E+00 -0.8833214E+00  0.1417126E+00
  0.4489119E+00  0.1417126E+00  0.3301343E+00
  
  
  EIGENVALUES                EIGENVECTORS
 -0.1000000E+01    0.5531871  0.4251646  0.4489119
  0.0000000E+00    0.4251646 -0.8833214  0.1417126
  0.1000000E+01    0.4489119  0.1417126  0.3301343

  NODAL PLANES 
   STK=  216.35573
   DIP=   69.82710
  SLIP= -155.08898
   OR
   STK=  117.25670
   DIP=   66.71084
  SLIP=  -22.05182
  
            X-DIR          Y-DIR          Z-DIR
  X:      -0.5563635      0.7560121      0.3448266
  Y:       0.8165568      0.4205586      0.3954307
  Z:      -0.1539306     -0.5015738      0.8513102
  T:       0.9708013     -0.2372015      0.0357825
  P:       0.1839845      0.8319611      0.5234410
  
        TREND       PLUNGE
  X    126.35702    20.16736
  Y     27.25173    23.28916
  Z    252.93309    58.35272
  T    346.26885     2.04577
  P     77.53427    31.56013
  
  EMT3
  0.3090479E+00  0.9746487E-01  0.9096330E+00
  0.9746487E-01  0.2999548E-01  0.2395581E+00
  0.9096330E+00  0.2395581E+00 -0.3390434E+00
  
  
  EIGENVALUES                EIGENVECTORS
 -0.1000000E+01    0.3090479  0.0974649  0.9096330
 -0.1091043E-16    0.0974649  0.0299955  0.2395581
  0.1000000E+01    0.9096330  0.2395581 -0.3390434

  NODAL PLANES 
   STK=  105.59034
   DIP=   67.17565
  SLIP=  -88.82621
   OR
   STK=  282.56677
   DIP=   22.85290
  SLIP=  -92.78662
  
            X-DIR          Y-DIR          Z-DIR
  X:      -0.3790657     -0.0843922      0.9215135
  Y:       0.8878862      0.2473873      0.3878887
  Z:       0.2607055     -0.9652344      0.0188454
  T:      -0.8958703     -0.2346035      0.3773297
  P:       0.3597904      0.1152550      0.9258872
  
        TREND       PLUNGE
  X    192.54194    67.14710
  Y     15.57003    22.81949
  Z    285.11054     1.07492
  T    194.66552    22.16463
  P     17.76328    67.80130
  
  --------------------------------------------------------------
  
  DECOMPOSITION INTO THREE VECTOR DIPOLES
  
  SEISMIC MOMENTS OF ISOTROPIC PART, EMT1, EMT2, EMT3
 -0.1085333E+23  0.1599873E+22  0.9072786E+22  0.1067266E+23
  
            DIPOLE AXES
  0.2599190 -0.9655117  0.0151446
 -0.7878737 -0.2211139 -0.5747727
 -0.5582984 -0.1374623  0.8181730
  
  --------------------------------------------------------------
  
  DECOMPOSITION INTO THREE COMPENSATED LINEAR VECTOR DIPOLES
  
  SEISMIC MOMENTS OF ISOTROPIC PART, EMT1, EMT2, EMT3
 -0.1085333E+23  0.5342488E+22  0.1028000E+22  0.1242804E+23
  
  EIGENVALUE          AXES OF CLVD
       -1   -0.5582984 -0.1374623  0.8181730
        2    0.2599190 -0.9655117  0.0151446
       -1   -0.7878737 -0.2211139 -0.5747727
  
  EIGENVALUE          AXES OF CLVD
       -1   -0.5582984 -0.1374623  0.8181730
       -1    0.2599190 -0.9655117  0.0151446
        2   -0.7878737 -0.2211139 -0.5747727
  
  EIGENVALUE          AXES OF CLVD
        2   -0.5582984 -0.1374623  0.8181730
       -1    0.2599190 -0.9655117  0.0151446
       -1   -0.7878737 -0.2211139 -0.5747727
  
  --------------------------------------------------------------
  
  DECOMPOSITION INTO A DOUBLE COUPLE AND A CLVD
  
  SEISMIC MOMENTS OF ISOTROPIC PART, DC, CLVD
 -0.1085333E+23  0.7472913E+22  0.1599873E+22
 Isotropic: moment=sqrt(sum mij**2/2)=   1.3292564337503381E+022
      (|e1| + |e2|)/2=   1.08533328E+22
          -0.10853E+23 0.00000E+00 0.00000E+00
           0.00000E+00-0.10853E+23 0.00000E+00
           0.00000E+00 0.00000E+00-0.10853E+23
 Double couple: moment=sqrt(sum mij**2/2)=   1.0672658288659495E+022
      (|e1| + |e2|)/2=   1.06726585E+22
           0.32984E+22 0.10402E+22 0.97082E+22
           0.10402E+22 0.32013E+21 0.25567E+22
           0.97082E+22 0.25567E+22-0.36185E+22
  
  EIGENVALUES AND EIGENVECTORS OF THE DC
 -0.1067266E+23   -0.5582984 -0.1374623  0.8181730
  0.0000000E+00    0.2599190 -0.9655117  0.0151446
  0.1067266E+23   -0.7878737 -0.2211139 -0.5747727

  NODAL PLANES 
   STK=  284.91212
   DIP=   80.08892
  SLIP=  -90.88577
   OR
   STK=  110.04501
   DIP=    9.95019
  SLIP=  -84.94391
  
            X-DIR          Y-DIR          Z-DIR
  X:      -0.9519500     -0.2533174      0.1721090
  Y:       0.1623223      0.0592054      0.9849600
  Z:       0.2596973     -0.9655698      0.0152416
  T:       0.7879095      0.2209870      0.5747725
  P:      -0.5583511     -0.1372579      0.8181713
  
        TREND       PLUNGE
  X    194.89219     9.90604
  Y     20.04005    80.04981
  Z    285.04975     0.86839
  T     15.66822    35.08067
  P    193.80183    54.90022
  
 CLVD: moment=sqrt(sum mij**2/2)=   2.7710607178862391E+021
      (|e1| + |e2|)/2=   2.39980893E+21
          -0.10385E+21 0.36835E+21-0.21924E+22
           0.36835E+21-0.15092E+22-0.53980E+21
          -0.21924E+22-0.53980E+21 0.16130E+22
  EIGENVALUE          AXES OF CLVD
  0.3199745E+22   -0.5582984 -0.1374623  0.8181730
 -0.1599873E+22    0.2599190 -0.9655117  0.0151446
 -0.1599873E+22   -0.7878737 -0.2211139 -0.5747727
 Original moment tensor
          -0.76588E+22 0.14086E+22 0.75158E+22
           0.14086E+22-0.12042E+23 0.20169E+22
           0.75158E+22 0.20169E+22-0.12859E+23
  
  --------------------------------------------------------------
 EVD:  -1.0672658288659499E+022   1.5998726514124186E+021   9.0727856372470797E+021
 EVP:   1.5998726514124186E+021   9.0727856372470797E+021   1.0672658288659499E+022
  
  DECOMPOSITION INTO A DOUBLE COUPLE AND A CRACK
  
  SEISMIC MOMENTS OF ISOTROPIC PART, DC, CRACK
 -0.1485301E+23  0.7472913E+22  0.2399809E+22
  
  EIGENVALUES AND EIGENVECTORS OF THE DC
 -0.1067266E+23   -0.5582984 -0.1374623  0.8181730
  0.0000000E+00    0.2599190 -0.9655117  0.0151446
  0.1067266E+23   -0.7878737 -0.2211139 -0.5747727

  NODAL PLANES 
   STK=  284.91212
   DIP=   80.08892
  SLIP=  -90.88577
   OR
   STK=  110.04501
   DIP=    9.95019
  SLIP=  -84.94391
  
            X-DIR          Y-DIR          Z-DIR
  X:      -0.9519500     -0.2533174      0.1721090
  Y:       0.1623223      0.0592054      0.9849600
  Z:       0.2596973     -0.9655698      0.0152416
  T:       0.7879095      0.2209870      0.5747725
  P:      -0.5583511     -0.1372579      0.8181713
  
        TREND       PLUNGE
  X    194.89219     9.90604
  Y     20.04005    80.04981
  Z    285.04975     0.86839
  T     15.66822    35.08067
  P    193.80183    54.90022
  
  EIGENVALUE          AXES OF CRACK
        3   -0.5582984 -0.1374623  0.8181730
        1    0.2599190 -0.9655117  0.0151446
        1   -0.7878737 -0.2211139 -0.5747727
