  
  INPUT MOMENT TENSOR
 -0.9648727E+22  0.3791273E+21  0.8709165E+22
  0.3791273E+21 -0.1043994E+23  0.2647632E+22
  0.8709165E+22  0.2647632E+22 -0.2072908E+23
  EIGENVALUES AND EIGENVECTOR OF M(i,j)
     1 -0.2581E+23  (-0.4673E+00,-0.1389E+00, 0.8731E+00)
     2 -0.1058E+23  ( 0.3006E+00,-0.9537E+00, 0.9197E-02)
     3 -0.4422E+22  (-0.8314E+00,-0.2668E+00,-0.4874E+00)
   EIGENVALUES               EIGENVECTORS
     1 -0.2581E+23  (-0.4673E+00,-0.1389E+00, 0.8731E+00)
     2 -0.1058E+23  ( 0.3006E+00,-0.9537E+00, 0.9197E-02)
     3 -0.4422E+22  (-0.8314E+00,-0.2668E+00,-0.4874E+00)
  
 Input: moment=sqrt(sum mij**2/2)=   1.9972375084088496E+022
      (|e1| + |e2|)/2=   1.81978740E+22
          -0.96487E+22 0.37913E+21 0.87092E+22
           0.37913E+21-0.10440E+23 0.26476E+22
           0.87092E+22 0.26476E+22-0.20729E+23
  SEISMIC MOMENT OF THE INPUT MOMENT TENSOR:   0.1997238E+23
  
  ISOTROPIC COMPONENT (TRACE OF MOMENT TENSOR):  -0.4081775E+23
  
  INPUT MOMENT TENSOR IS PARTIALLY DUE TO AN IMPLOSION
 Deviatoric: moment=sqrt(sum mij**2/2)=   1.1009739088954409E+022
      (|e1| + |e2|)/2=   1.06943839E+22
           0.39572E+22 0.37913E+21 0.87092E+22
           0.37913E+21 0.31660E+22 0.26476E+22
           0.87092E+22 0.26476E+22-0.71232E+22
  EIGENVALUES OF THE PURELY DEVIATORIC MOMENT TENSOR
 -0.1220485E+23  0.3020929E+22  0.9183919E+22
  
  SORTED EIGENVALUES
  0.3020929E+22  0.9183919E+22  0.1220485E+23
  EPSILON    % OF CLVD     % OF DC
  0.247519   49.503756   50.496244
  LUNE PARAMETERS
  beta:  146.55 gamma:  13.75
  
  --------------------------------------------------------------
  
  DECOMPOSITION INTO MAJOR AND MINOR DOUBLE COUPLE
  
  SEISMIC MOMENT OF ISOTROPIC PART, MAJOR, AND MINOR COUPLE
 -0.1360592E+23  0.1220485E+23  0.3020929E+22
  
  EIGENVALUES AND EIGENVECTORS OF THE MAJOR DC
     1 -0.1220E+23  (-0.4673E+00,-0.1389E+00, 0.8731E+00)
     2  0.0000E+00  ( 0.3006E+00,-0.9537E+00, 0.9197E-02)
     3  0.1220E+23  (-0.8314E+00,-0.2668E+00,-0.4874E+00)

  NODAL PLANES 
   STK=  287.34477
   DIP=   74.16881
  SLIP=  -90.55218
   OR
   STK=  109.36808
   DIP=   15.84057
  SLIP=  -88.05347
  
            X-DIR          Y-DIR          Z-DIR
  X:      -0.9183821     -0.2866368      0.2727886
  Y:       0.2575097      0.0904918      0.9620291
  Z:       0.3004380     -0.9537560      0.0000000
  T:       0.8314811      0.2666702      0.4873666
  P:      -0.4673074     -0.1386955      0.8731480
  
        TREND       PLUNGE
  X    197.32472    15.82618
  Y     19.36311    74.15943
  Z    287.48069     0.52759
  T     17.78291    29.16429
  P    196.52171    60.82493
  
  EIGENVALUES AND EIGENVECTORS OF THE MINOR DC
     1  0.0000E+00  (-0.4673E+00,-0.1389E+00, 0.8731E+00)
     2  0.3021E+22  ( 0.3006E+00,-0.9537E+00, 0.9197E-02)
     3 -0.3021E+22  (-0.8314E+00,-0.2668E+00,-0.4874E+00)

  NODAL PLANES 
   STK=  156.49276
   DIP=   70.23750
  SLIP= -158.09821
   OR
   STK=   58.75162
   DIP=   69.44863
  SLIP=  -21.16798
  
            X-DIR          Y-DIR          Z-DIR
  X:       0.3754117      0.8629932      0.3380958
  Y:       0.8004696     -0.4857679      0.3511096
  Z:      -0.4672413     -0.1388248      0.8731628
  T:       0.3005613     -0.9537181      0.0000000
  P:       0.8314737      0.2667386      0.4873419
  
        TREND       PLUNGE
  X     66.49409    19.75703
  Y    328.74666    20.55137
  Z    196.53849    60.82667
  T    287.48808     0.52231
  P     17.78734    29.16266
  
  --------------------------------------------------------------
  
  DECOMPOSITION INTO THREE DOUBLE COUPLES
  
  SEISMIC MOMENTS OF ISOTROPIC PART, EMT1, EMT2, EMT3
 -0.1360592E+23  0.5075259E+22  0.2054330E+22  0.7129589E+22
  
  EMT1
 -0.1279404E+00 -0.3516079E+00  0.4107456E+00
 -0.3516079E+00  0.8902449E+00  0.1124882E+00
  0.4107456E+00  0.1124882E+00 -0.7623045E+00
  
  
  EIGENVALUES                EIGENVECTORS
 -0.1000000E+01   -0.1279404 -0.3516079  0.4107456
  0.0000000E+00   -0.3516079  0.8902449  0.1124882
  0.1000000E+01    0.4107456  0.1124882 -0.7623045

  NODAL PLANES 
   STK=  204.48853
   DIP=   64.99217
  SLIP=  134.63472
   OR
   STK=  317.66754
   DIP=   49.84273
  SLIP=   33.58179
  
            X-DIR          Y-DIR          Z-DIR
  X:      -0.3754096      0.8248567      0.4227044
  Y:      -0.5148402     -0.5648113      0.6449246
  Z:       0.7707186      0.0244856      0.6367050
  T:      -0.6295017      0.1838799      0.7549277
  P:      -0.0985923     -0.9826437      0.1571334
  
        TREND       PLUNGE
  X    114.47759    25.00186
  Y    227.64271    40.15727
  Z      1.81977    39.54377
  T    163.72575    49.01679
  P    264.26519     9.03608
  
  EMT2
  0.6009070E+00  0.5085463E+00  0.4024510E+00
  0.5085463E+00 -0.8383488E+00  0.1388003E+00
  0.4024510E+00  0.1388003E+00  0.2374418E+00
  
  
  EIGENVALUES                EIGENVECTORS
 -0.1000000E+01    0.6009070  0.5085463  0.4024510
  0.3330669E-15    0.5085463 -0.8383488  0.1388003
  0.1000000E+01    0.4024510  0.1388003  0.2374418

  NODAL PLANES 
   STK=  218.63437
   DIP=   64.85990
  SLIP= -158.88670
   OR
   STK=  119.31839
   DIP=   70.96832
  SLIP=  -26.70506
  
            X-DIR          Y-DIR          Z-DIR
  X:      -0.5651481      0.7072139      0.4248014
  Y:       0.8242858      0.4627910      0.3261555
  Z:      -0.0340675     -0.5344839      0.8444918
  T:      -0.9824781      0.1728331      0.0697532
  P:       0.1832381      0.8273184      0.5310067
  
        TREND       PLUNGE
  X    128.63612    25.13451
  Y     29.31342    19.03168
  Z    266.34779    57.61574
  T    170.03225     3.99506
  P     77.51577    32.07030
  
  EMT3
  0.4729667E+00  0.1569384E+00  0.8131966E+00
  0.1569384E+00  0.5189603E-01  0.2512885E+00
  0.8131966E+00  0.2512885E+00 -0.5248627E+00
  
  
  EIGENVALUES                EIGENVECTORS
 -0.1000000E+01    0.4729667  0.1569384  0.8131966
 -0.1567096E-15    0.1569384  0.0518960  0.2512885
  0.1000000E+01    0.8131966  0.2512885 -0.5248627

  NODAL PLANES 
   STK=  107.64808
   DIP=   78.62358
  SLIP=  -89.39477
   OR
   STK=  284.58262
   DIP=   11.39230
  SLIP=  -93.00517
  
            X-DIR          Y-DIR          Z-DIR
  X:      -0.1911657     -0.0496771      0.9802999
  Y:       0.9343242      0.2968721      0.1972442
  Z:       0.3008222     -0.9536242      0.0103373
  T:      -0.7958415     -0.2450473      0.5537040
  P:       0.5254924      0.1747933      0.8326494
  
        TREND       PLUNGE
  X    194.55778    78.60770
  Y     17.62810    11.37151
  Z    287.50396     0.58736
  T    197.10511    33.61839
  P     18.39957    56.37001
  
  --------------------------------------------------------------
  
  DECOMPOSITION INTO THREE VECTOR DIPOLES
  
  SEISMIC MOMENTS OF ISOTROPIC PART, EMT1, EMT2, EMT3
 -0.1360592E+23  0.3020929E+22  0.9183919E+22  0.1220485E+23
  
            DIPOLE AXES
  0.3006396 -0.9536935  0.0091966
 -0.8314393 -0.2668003 -0.4873668
 -0.4672522 -0.1388754  0.8731489
  
  --------------------------------------------------------------
  
  DECOMPOSITION INTO THREE COMPENSATED LINEAR VECTOR DIPOLES
  
  SEISMIC MOMENTS OF ISOTROPIC PART, EMT1, EMT2, EMT3
 -0.1360592E+23  0.6111245E+22  0.2553041E+22  0.1490185E+23
  
  EIGENVALUE          AXES OF CLVD
       -1   -0.4672522 -0.1388754  0.8731489
        2    0.3006396 -0.9536935  0.0091966
       -1   -0.8314393 -0.2668003 -0.4873668
  
  EIGENVALUE          AXES OF CLVD
       -1   -0.4672522 -0.1388754  0.8731489
       -1    0.3006396 -0.9536935  0.0091966
        2   -0.8314393 -0.2668003 -0.4873668
  
  EIGENVALUE          AXES OF CLVD
        2   -0.4672522 -0.1388754  0.8731489
       -1    0.3006396 -0.9536935  0.0091966
       -1   -0.8314393 -0.2668003 -0.4873668
  
  --------------------------------------------------------------
  
  DECOMPOSITION INTO A DOUBLE COUPLE AND A CLVD
  
  SEISMIC MOMENTS OF ISOTROPIC PART, DC, CLVD
 -0.1360592E+23  0.6162990E+22  0.3020929E+22
 Isotropic: moment=sqrt(sum mij**2/2)=   1.6663775433336472E+022
      (|e1| + |e2|)/2=   1.36059172E+22
          -0.13606E+23 0.00000E+00 0.00000E+00
           0.00000E+00-0.13606E+23 0.00000E+00
           0.00000E+00 0.00000E+00-0.13606E+23
 Double couple: moment=sqrt(sum mij**2/2)=   1.2204848405506091E+022
      (|e1| + |e2|)/2=   1.22048484E+22
           0.57725E+22 0.19154E+22 0.99249E+22
           0.19154E+22 0.63338E+21 0.30669E+22
           0.99249E+22 0.30669E+22-0.64059E+22
  
  EIGENVALUES AND EIGENVECTORS OF THE DC
 -0.1220485E+23   -0.4672522 -0.1388754  0.8731489
  0.0000000E+00    0.3006396 -0.9536935  0.0091966
  0.1220485E+23   -0.8314393 -0.2668003 -0.4873668

  NODAL PLANES 
   STK=  287.34477
   DIP=   74.16881
  SLIP=  -90.55218
   OR
   STK=  109.36808
   DIP=   15.84057
  SLIP=  -88.05347
  
            X-DIR          Y-DIR          Z-DIR
  X:      -0.9183821     -0.2866368      0.2727886
  Y:       0.2575097      0.0904918      0.9620291
  Z:       0.3004380     -0.9537560      0.0000000
  T:       0.8314811      0.2666702      0.4873666
  P:      -0.4673074     -0.1386955      0.8731480
  
        TREND       PLUNGE
  X    197.32472    15.82618
  Y     19.36311    74.15943
  Z    287.48069     0.52759
  T     17.78291    29.16429
  P    196.52171    60.82493
  
 CLVD: moment=sqrt(sum mij**2/2)=   5.2324028874988045E+021
      (|e1| + |e2|)/2=   4.53139416E+21
          -0.10423E+22 0.58808E+21-0.36974E+22
           0.58808E+21-0.28461E+22-0.10989E+22
          -0.36974E+22-0.10989E+22 0.38884E+22
  EIGENVALUE          AXES OF CLVD
  0.6041858E+22   -0.4672522 -0.1388754  0.8731489
 -0.3020929E+22    0.3006396 -0.9536935  0.0091966
 -0.3020929E+22   -0.8314393 -0.2668003 -0.4873668
 Original moment tensor
          -0.88757E+22 0.25035E+22 0.62275E+22
           0.25035E+22-0.15819E+23 0.19680E+22
           0.62275E+22 0.19680E+22-0.16123E+23
  
  --------------------------------------------------------------
 EVD:  -1.2204848405506089E+022   3.0209292156060094E+021   9.1839191899000736E+021
 EVP:   3.0209292156060094E+021   9.1839191899000736E+021   1.2204848405506089E+022
  
  DECOMPOSITION INTO A DOUBLE COUPLE AND A CRACK
  
  SEISMIC MOMENTS OF ISOTROPIC PART, DC, CRACK
 -0.2115824E+23  0.6162990E+22  0.4531394E+22
  
  EIGENVALUES AND EIGENVECTORS OF THE DC
 -0.1220485E+23   -0.4672522 -0.1388754  0.8731489
  0.0000000E+00    0.3006396 -0.9536935  0.0091966
  0.1220485E+23   -0.8314393 -0.2668003 -0.4873668

  NODAL PLANES 
   STK=  287.34477
   DIP=   74.16881
  SLIP=  -90.55218
   OR
   STK=  109.36808
   DIP=   15.84057
  SLIP=  -88.05347
  
            X-DIR          Y-DIR          Z-DIR
  X:      -0.9183821     -0.2866368      0.2727886
  Y:       0.2575097      0.0904918      0.9620291
  Z:       0.3004380     -0.9537560      0.0000000
  T:       0.8314811      0.2666702      0.4873666
  P:      -0.4673074     -0.1386955      0.8731480
  
        TREND       PLUNGE
  X    197.32472    15.82618
  Y     19.36311    74.15943
  Z    287.48069     0.52759
  T     17.78291    29.16429
  P    196.52171    60.82493
  
  EIGENVALUE          AXES OF CRACK
        3   -0.4672522 -0.1388754  0.8731489
        1    0.3006396 -0.9536935  0.0091966
        1   -0.8314393 -0.2668003 -0.4873668
