  
  INPUT MOMENT TENSOR
 -0.2843026E+22  0.4454430E+21  0.1273254E+23
  0.4454430E+21 -0.3620183E+22  0.3155309E+22
  0.1273254E+23  0.3155309E+22  0.6463209E+22
  EIGENVALUES AND EIGENVECTOR OF M(i,j)
     1 -0.1200E+23  ( 0.7962E+00, 0.1756E+00,-0.5790E+00)
     2 -0.3780E+22  ( 0.2273E+00,-0.9737E+00, 0.1733E-01)
     3  0.1578E+23  (-0.5607E+00,-0.1454E+00,-0.8152E+00)
   EIGENVALUES               EIGENVECTORS
     1 -0.1200E+23  ( 0.7962E+00, 0.1756E+00,-0.5790E+00)
     2 -0.3780E+22  ( 0.2273E+00,-0.9737E+00, 0.1733E-01)
     3  0.1578E+23  (-0.5607E+00,-0.1454E+00,-0.8152E+00)
  
 Input: moment=sqrt(sum mij**2/2)=   1.4274199290582040E+022
      (|e1| + |e2|)/2=   1.38936859E+22
          -0.28430E+22 0.44544E+21 0.12733E+23
           0.44544E+21-0.36202E+22 0.31553E+22
           0.12733E+23 0.31553E+22 0.64632E+22
  SEISMIC MOMENT OF THE INPUT MOMENT TENSOR:   0.1427420E+23
  
  ISOTROPIC COMPONENT (TRACE OF MOMENT TENSOR):   0.6291456E+07
  
  INPUT MOMENT TENSOR IS PURELY DEVIATORIC
 Deviatoric: moment=sqrt(sum mij**2/2)=   1.4274199290582040E+022
      (|e1| + |e2|)/2=   1.38936859E+22
          -0.28430E+22 0.44544E+21 0.12733E+23
           0.44544E+21-0.36202E+22 0.31553E+22
           0.12733E+23 0.31553E+22 0.64632E+22
  EIGENVALUES OF THE PURELY DEVIATORIC MOMENT TENSOR
 -0.1200351E+23 -0.3780343E+22  0.1578386E+23
  
  SORTED EIGENVALUES
  0.3780343E+22  0.1200351E+23  0.1578386E+23
  EPSILON    % OF CLVD     % OF DC
  0.239507   47.901384   52.098616
  LUNE PARAMETERS
  beta:   90.00 gamma: -13.26
  
  --------------------------------------------------------------
  
  DECOMPOSITION INTO MAJOR AND MINOR DOUBLE COUPLE
  
  SEISMIC MOMENT OF ISOTROPIC PART, MAJOR, AND MINOR COUPLE
  0.2097152E+07  0.1578386E+23  0.3780343E+22
  
  EIGENVALUES AND EIGENVECTORS OF THE MAJOR DC
     1 -0.1578E+23  ( 0.7962E+00, 0.1756E+00,-0.5790E+00)
     2  0.0000E+00  ( 0.2273E+00,-0.9737E+00, 0.1733E-01)
     3  0.1578E+23  (-0.5607E+00,-0.1454E+00,-0.8152E+00)

  NODAL PLANES 
   STK=  103.30607
   DIP=   80.38575
  SLIP=   91.01184
   OR
   STK=  277.26946
   DIP=    9.66685
  SLIP=   84.04848
  
            X-DIR          Y-DIR          Z-DIR
  X:       0.9595298      0.2267430      0.1670034
  Y:      -0.1665659     -0.0212021      0.9858023
  Z:       0.2270646     -0.9737238      0.0174236
  T:       0.5607102      0.1453393      0.8151568
  P:      -0.7962699     -0.1753237      0.5789783
  
        TREND       PLUNGE
  X     13.29620     9.60920
  Y    187.24462    80.33315
  Z    283.12210     0.99344
  T     14.53239    54.60092
  P    192.40807    35.37570
  
  EIGENVALUES AND EIGENVECTORS OF THE MINOR DC
     1  0.3780E+22  ( 0.7962E+00, 0.1756E+00,-0.5790E+00)
     2 -0.3780E+22  ( 0.2273E+00,-0.9737E+00, 0.1733E-01)
     3  0.0000E+00  (-0.5607E+00,-0.1454E+00,-0.8152E+00)

  NODAL PLANES 
   STK=  232.05172
   DIP=   66.59963
  SLIP=  152.65365
   OR
   STK=  333.65848
   DIP=   65.06523
  SLIP=   25.97498
  
            X-DIR          Y-DIR          Z-DIR
  X:      -0.7235298      0.5646227      0.3971219
  Y:      -0.4026101     -0.8124791      0.4216431
  Z:       0.5607225      0.1451861      0.8151756
  T:      -0.7963012     -0.1752609      0.5789543
  P:       0.2269245     -0.9737580      0.0173391
  
        TREND       PLUNGE
  X    142.04035    23.39470
  Y    243.63365    24.93477
  Z     14.51740    54.60278
  T    192.40329    35.37401
  P    283.11384     0.98859
  
  --------------------------------------------------------------
  
  DECOMPOSITION INTO THREE DOUBLE COUPLES
  
  SEISMIC MOMENTS OF ISOTROPIC PART, EMT1, EMT2, EMT3
  0.2097152E+07  0.2741057E+22  0.6521400E+22  0.9262458E+22
  
  EMT1
 -0.5822584E+00 -0.3611803E+00  0.4649258E+00
 -0.3611803E+00  0.9171743E+00  0.8480371E-01
  0.4649258E+00  0.8480371E-01 -0.3349159E+00
  
  
  EIGENVALUES                EIGENVECTORS
 -0.1000000E+01   -0.5822584 -0.3611803  0.4649258
  0.4440892E-15   -0.3611803  0.9171743  0.0848037
  0.1000000E+01    0.4649258  0.0848037 -0.3349159

  NODAL PLANES 
   STK=   30.38783
   DIP=   69.35416
  SLIP= -154.23006
   OR
   STK=  290.72749
   DIP=   65.99368
  SLIP=  -22.70443
  
            X-DIR          Y-DIR          Z-DIR
  X:       0.4731538     -0.8073571      0.3525621
  Y:      -0.8544399     -0.3230610      0.4068955
  Z:       0.2146109      0.4937673      0.8426957
  T:      -0.9387506      0.3424490      0.0384196
  P:      -0.2696100     -0.7993263      0.5370176
  
        TREND       PLUNGE
  X    300.36926    20.64028
  Y    200.70265    24.00632
  Z     66.51198    57.42408
  T    159.96724     2.19698
  P    251.35493    32.47767
  
  EMT2
  0.2626811E+00  0.3028965E+00  0.4531082E+00
  0.3028965E+00 -0.9268646E+00  0.1354147E+00
  0.4531082E+00  0.1354147E+00  0.6641834E+00
  
  
  EIGENVALUES                EIGENVECTORS
 -0.1000000E+01    0.2626811  0.3028965  0.4531082
 -0.1110223E-15    0.3028965 -0.9268646  0.1354147
  0.1000000E+01    0.4531082  0.1354147  0.6641834

  NODAL PLANES 
   STK=   16.05826
   DIP=   66.17705
  SLIP=  140.75716
   OR
   STK=  124.31730
   DIP=   54.64020
  SLIP=   29.68773
  
            X-DIR          Y-DIR          Z-DIR
  X:       0.2529435     -0.8791493      0.4038764
  Y:       0.6736024      0.4596803      0.5787520
  Z:      -0.6944634      0.1256605      0.7084702
  T:       0.6551669     -0.2966094      0.6948232
  P:       0.2974507      0.9466955      0.1236557
  
        TREND       PLUNGE
  X    286.04719    23.81708
  Y     34.31234    35.35980
  Z    169.75289    45.10811
  T    335.64128    44.01059
  P     72.56134     7.09856
  
  EMT3
 -0.3195773E+00 -0.5828375E-01  0.9180341E+00
 -0.5828375E-01 -0.9690239E-02  0.2202184E+00
  0.9180341E+00  0.2202184E+00  0.3292675E+00
  
  
  EIGENVALUES                EIGENVECTORS
 -0.1000000E+01   -0.3195773 -0.0582838  0.9180341
 -0.3565717E-16   -0.0582838 -0.0096902  0.2202184
  0.1000000E+01    0.9180341  0.2202184  0.3292675

  NODAL PLANES 
   STK=  282.55457
   DIP=   66.28398
  SLIP=  -91.29651
   OR
   STK=  105.77524
   DIP=   23.74939
  SLIP=  -87.05156
  
            X-DIR          Y-DIR          Z-DIR
  X:      -0.8937069     -0.1988423      0.4021811
  Y:       0.3875590      0.1094447      0.9153250
  Z:       0.2260219     -0.9739012      0.0207483
  T:       0.9059919      0.2179918      0.3628476
  P:      -0.3579006     -0.0632137      0.9316175
  
        TREND       PLUNGE
  X    192.53428    23.71094
  Y     15.77028    66.25061
  Z    283.06160     1.18398
  T     13.52959    21.27138
  P    190.00710    68.68720
  
  --------------------------------------------------------------
  
  DECOMPOSITION INTO THREE VECTOR DIPOLES
  
  SEISMIC MOMENTS OF ISOTROPIC PART, EMT1, EMT2, EMT3
  0.2097152E+07  0.3780343E+22  0.1200351E+23  0.1578386E+23
  
            DIPOLE AXES
  0.2273474 -0.9736596  0.0173267
  0.7962068  0.1756093 -0.5789785
 -0.5606852 -0.1454249 -0.8151587
  
  --------------------------------------------------------------
  
  DECOMPOSITION INTO THREE COMPENSATED LINEAR VECTOR DIPOLES
  
  SEISMIC MOMENTS OF ISOTROPIC PART, EMT1, EMT2, EMT3
  0.2097152E+07  0.2182582E+22  0.6930232E+22  0.9112814E+22
  
  EIGENVALUE          AXES OF CLVD
       -1    0.7962068  0.1756093 -0.5789785
        2    0.2273474 -0.9736596  0.0173267
       -1   -0.5606852 -0.1454249 -0.8151587
  
  EIGENVALUE          AXES OF CLVD
        2    0.7962068  0.1756093 -0.5789785
       -1    0.2273474 -0.9736596  0.0173267
       -1   -0.5606852 -0.1454249 -0.8151587
  
  EIGENVALUE          AXES OF CLVD
       -1    0.7962068  0.1756093 -0.5789785
       -1    0.2273474 -0.9736596  0.0173267
        2   -0.5606852 -0.1454249 -0.8151587
  
  --------------------------------------------------------------
  
  DECOMPOSITION INTO A DOUBLE COUPLE AND A CLVD
  
  SEISMIC MOMENTS OF ISOTROPIC PART, DC, CLVD
  0.2097152E+07  0.8223172E+22  0.3780343E+22
 Isotropic: moment=sqrt(sum mij**2/2)=   2568476.1565286135     
      (|e1| + |e2|)/2=   2097152.00    
           0.20972E+07 0.00000E+00 0.00000E+00
           0.00000E+00 0.20972E+07 0.00000E+00
           0.00000E+00 0.00000E+00 0.20972E+07
 Double couple: moment=sqrt(sum mij**2/2)=   1.5783857901471156E+022
      (|e1| + |e2|)/2=   1.57838579E+22
          -0.50442E+22-0.91994E+21 0.14490E+23
          -0.91994E+21-0.15295E+21 0.34759E+22
           0.14490E+23 0.34759E+22 0.51971E+22
  
  EIGENVALUES AND EIGENVECTORS OF THE DC
 -0.1578386E+23    0.7962068  0.1756093 -0.5789785
  0.0000000E+00    0.2273474 -0.9736596  0.0173267
  0.1578386E+23   -0.5606852 -0.1454249 -0.8151587

  NODAL PLANES 
   STK=  103.30607
   DIP=   80.38575
  SLIP=   91.01184
   OR
   STK=  277.26946
   DIP=    9.66685
  SLIP=   84.04848
  
            X-DIR          Y-DIR          Z-DIR
  X:       0.9595298      0.2267430      0.1670034
  Y:      -0.1665659     -0.0212021      0.9858023
  Z:       0.2270646     -0.9737238      0.0174236
  T:       0.5607102      0.1453393      0.8151568
  P:      -0.7962699     -0.1753237      0.5789783
  
        TREND       PLUNGE
  X     13.29620     9.60920
  Y    187.24462    80.33315
  Z    283.12210     0.99344
  T     14.53239    54.60092
  P    192.40807    35.37570
  
 CLVD: moment=sqrt(sum mij**2/2)=   6.5477464268938108E+021
      (|e1| + |e2|)/2=   5.67051494E+21
          -0.21509E+21 0.92472E+21 0.51834E+22
           0.92472E+21-0.35405E+22 0.13444E+22
           0.51834E+22 0.13444E+22 0.37556E+22
  EIGENVALUE          AXES OF CLVD
 -0.3780343E+22    0.7962068  0.1756093 -0.5789785
 -0.3780343E+22    0.2273474 -0.9736596  0.0173267
  0.7560686E+22   -0.5606852 -0.1454249 -0.8151587
 Original moment tensor
          -0.52592E+22 0.47778E+19 0.19674E+23
           0.47778E+19-0.36934E+22 0.48203E+22
           0.19674E+23 0.48203E+22 0.89527E+22
  
  --------------------------------------------------------------
 EVD:  -1.2003514739318604E+022  -3.7803431621525535E+021   1.5783857901471164E+022
 EVP:   3.7803431621525535E+021   1.2003514739318604E+022   1.5783857901471164E+022
  
  DECOMPOSITION INTO A DOUBLE COUPLE AND A CRACK
  
  SEISMIC MOMENTS OF ISOTROPIC PART, DC, CRACK
 -0.9450858E+22  0.8223172E+22  0.5670515E+22
  
  EIGENVALUES AND EIGENVECTORS OF THE DC
 -0.1578386E+23    0.7962068  0.1756093 -0.5789785
  0.0000000E+00    0.2273474 -0.9736596  0.0173267
  0.1578386E+23   -0.5606852 -0.1454249 -0.8151587

  NODAL PLANES 
   STK=  103.30607
   DIP=   80.38575
  SLIP=   91.01184
   OR
   STK=  277.26946
   DIP=    9.66685
  SLIP=   84.04848
  
            X-DIR          Y-DIR          Z-DIR
  X:       0.9595298      0.2267430      0.1670034
  Y:      -0.1665659     -0.0212021      0.9858023
  Z:       0.2270646     -0.9737238      0.0174236
  T:       0.5607102      0.1453393      0.8151568
  P:      -0.7962699     -0.1753237      0.5789783
  
        TREND       PLUNGE
  X     13.29620     9.60920
  Y    187.24462    80.33315
  Z    283.12210     0.99344
  T     14.53239    54.60092
  P    192.40807    35.37570
  
  EIGENVALUE          AXES OF CRACK
        1    0.7962068  0.1756093 -0.5789785
        1    0.2273474 -0.9736596  0.0173267
        3   -0.5606852 -0.1454249 -0.8151587
