  
  INPUT MOMENT TENSOR
 -0.2710000E+22  0.4820000E+21  0.1270000E+23
  0.4820000E+21 -0.3780000E+22  0.1390000E+22
  0.1270000E+23  0.1390000E+22  0.6490000E+22
  EIGENVALUES AND EIGENVECTOR OF M(i,j)
     1 -0.1164E+23  ( 0.8160E+00, 0.5177E-01,-0.5757E+00)
     2 -0.3863E+22  ( 0.8444E-01,-0.9960E+00, 0.3013E-01)
     3  0.1550E+23  (-0.5718E+00,-0.7320E-01,-0.8171E+00)
   EIGENVALUES               EIGENVECTORS
     1 -0.1164E+23  ( 0.8160E+00, 0.5177E-01,-0.5757E+00)
     2 -0.3863E+22  ( 0.8444E-01,-0.9960E+00, 0.3013E-01)
     3  0.1550E+23  (-0.5718E+00,-0.7320E-01,-0.8171E+00)
  
 Input: moment=sqrt(sum mij**2/2)=   1.3976076845810494E+022
      (|e1| + |e2|)/2=   1.35697859E+22
          -0.27100E+22 0.48200E+21 0.12700E+23
           0.48200E+21-0.37800E+22 0.13900E+22
           0.12700E+23 0.13900E+22 0.64900E+22
  SEISMIC MOMENT OF THE INPUT MOMENT TENSOR:   0.1397608E+23
  
  ISOTROPIC COMPONENT (TRACE OF MOMENT TENSOR):  -0.4194304E+07
  
  INPUT MOMENT TENSOR IS PURELY DEVIATORIC
 Deviatoric: moment=sqrt(sum mij**2/2)=   1.3976076845810494E+022
      (|e1| + |e2|)/2=   1.35697859E+22
          -0.27100E+22 0.48200E+21 0.12700E+23
           0.48200E+21-0.37800E+22 0.13900E+22
           0.12700E+23 0.13900E+22 0.64900E+22
  EIGENVALUES OF THE PURELY DEVIATORIC MOMENT TENSOR
 -0.1163833E+23 -0.3862922E+22  0.1550125E+23
  
  SORTED EIGENVALUES
  0.3862922E+22  0.1163833E+23  0.1550125E+23
  EPSILON    % OF CLVD     % OF DC
  0.249201   49.840142   50.159858
  LUNE PARAMETERS
  beta:   90.00 gamma: -13.85
  
  --------------------------------------------------------------
  
  DECOMPOSITION INTO MAJOR AND MINOR DOUBLE COUPLE
  
  SEISMIC MOMENT OF ISOTROPIC PART, MAJOR, AND MINOR COUPLE
 -0.1398101E+07  0.1550125E+23  0.3862922E+22
  
  EIGENVALUES AND EIGENVECTORS OF THE MAJOR DC
     1 -0.1550E+23  ( 0.8160E+00, 0.5177E-01,-0.5757E+00)
     2  0.0000E+00  ( 0.8444E-01,-0.9960E+00, 0.3013E-01)
     3  0.1550E+23  (-0.5718E+00,-0.7320E-01,-0.8171E+00)

  NODAL PLANES 
   STK=   95.14000
   DIP=   80.16821
  SLIP=   91.75756
   OR
   STK=  264.95273
   DIP=    9.98613
  SLIP=   79.96391
  
            X-DIR          Y-DIR          Z-DIR
  X:       0.9813688      0.0881000      0.1707446
  Y:      -0.1727240      0.0152994      0.9848514
  Z:       0.0841531     -0.9959941      0.0302314
  T:       0.5717982      0.0731144      0.8171298
  P:      -0.8160669     -0.0514778      0.5756605
  
        TREND       PLUNGE
  X      5.13012     9.82669
  Y    174.94776    80.01387
  Z    274.82484     1.72752
  T      7.28713    54.79656
  P    183.59972    35.14287
  
  EIGENVALUES AND EIGENVECTORS OF THE MINOR DC
     1  0.3863E+22  ( 0.8160E+00, 0.5177E-01,-0.5757E+00)
     2 -0.3863E+22  ( 0.8444E-01,-0.9960E+00, 0.3013E-01)
     3  0.0000E+00  (-0.5718E+00,-0.7320E-01,-0.8171E+00)

  NODAL PLANES 
   STK=  223.63683
   DIP=   67.30959
  SLIP=  152.33977
   OR
   STK=  325.06697
   DIP=   64.64044
  SLIP=   25.27019
  
            X-DIR          Y-DIR          Z-DIR
  X:      -0.6364653      0.6679309      0.3857204
  Y:      -0.5176565     -0.7406382      0.4283537
  Z:       0.5717899      0.0729616      0.8171492
  T:      -0.8160873     -0.0514118      0.5756373
  P:       0.0840105     -0.9960088      0.0301463
  
        TREND       PLUNGE
  X    133.62551    22.68476
  Y    235.04213    25.35956
  Z      7.27216    54.79849
  T    183.59502    35.14125
  P    274.81662     1.72264
  
  --------------------------------------------------------------
  
  DECOMPOSITION INTO THREE DOUBLE COUPLES
  
  SEISMIC MOMENTS OF ISOTROPIC PART, EMT1, EMT2, EMT3
 -0.1398101E+07  0.2591801E+22  0.6454723E+22  0.9046524E+22
  
  EMT1
 -0.6588035E+00 -0.1263506E+00  0.4723116E+00
 -0.1263506E+00  0.9892811E+00 -0.2101260E-03
  0.4723116E+00 -0.2101260E-03 -0.3304775E+00
  
  
  EIGENVALUES                EIGENVECTORS
 -0.1000000E+01   -0.6588035 -0.1263506  0.4723116
  0.2220446E-15   -0.1263506  0.9892811 -0.0002101
  0.1000000E+01    0.4723116 -0.0002101 -0.3304775

  NODAL PLANES 
   STK=   25.18473
   DIP=   52.31029
  SLIP= -149.29542
   OR
   STK=  275.22978
   DIP=   66.16751
  SLIP=  -41.94192
  
            X-DIR          Y-DIR          Z-DIR
  X:       0.3365818     -0.7162233      0.6113402
  Y:      -0.9109192     -0.0831341      0.4041224
  Z:       0.2386186      0.6929018      0.6804030
  T:       0.8821165     -0.4476616      0.1465251
  P:      -0.4061179     -0.5652311      0.7180405
  
        TREND       PLUNGE
  X    295.16712    37.68359
  Y    185.20495    23.83249
  Z     71.00145    42.87254
  T    333.09137     8.42111
  P    234.29586    45.89050
  
  EMT2
  0.3198046E+00  0.1259582E+00  0.4646777E+00
  0.1259582E+00 -0.9866029E+00  0.8982797E-01
  0.4646777E+00  0.8982797E-01  0.6667983E+00
  
  
  EIGENVALUES                EIGENVECTORS
 -0.1000000E+01    0.3198046  0.1259582  0.4646777
  0.0000000E+00    0.1259582 -0.9866029  0.0898280
  0.1000000E+01    0.4646777  0.0898280  0.6667983

  NODAL PLANES 
   STK=  333.27304
   DIP=   45.39699
  SLIP=  126.59335
   OR
   STK=  106.67536
   DIP=   55.13487
  SLIP=   58.84912
  
            X-DIR          Y-DIR          Z-DIR
  X:      -0.3202806     -0.6359396      0.7021405
  Y:       0.7859897      0.2353518      0.5716901
  Z:      -0.5288104      0.7349764      0.4244634
  T:       0.3293061     -0.2832583      0.9007343
  P:      -0.7822512     -0.6160961      0.0922423
  
        TREND       PLUNGE
  X    243.26220    44.59648
  Y     16.67039    34.86513
  Z    125.74169    25.11312
  T    319.29672    64.25333
  P    218.21592     5.28794
  
  EMT3
 -0.3389990E+00 -0.3923809E-03  0.9369893E+00
 -0.3923809E-03  0.2678202E-02  0.8961784E-01
  0.9369893E+00  0.8961784E-01  0.3363208E+00
  
  
  EIGENVALUES                EIGENVECTORS
 -0.1000000E+01   -0.3389990 -0.0003924  0.9369893
  0.2016028E-16   -0.0003924  0.0026782  0.0896178
  0.1000000E+01    0.9369893  0.0896178  0.3363208

  NODAL PLANES 
   STK=  274.00125
   DIP=   65.02982
  SLIP=  -91.96026
   OR
   STK=   98.63647
   DIP=   25.04209
  SLIP=  -85.79886
  
            X-DIR          Y-DIR          Z-DIR
  X:      -0.9043410     -0.0630892      0.4221222
  Y:       0.4184687      0.0635193      0.9060073
  Z:       0.0839721     -0.9959845      0.0310422
  T:       0.9353677      0.0895257      0.3421585
  P:      -0.3435636      0.0000000      0.9391294
  
        TREND       PLUNGE
  X    183.98092    24.96505
  Y      8.63151    64.95791
  Z    274.81455     1.77401
  T      5.46753    20.00457
  P    179.95921    69.90475
  
  --------------------------------------------------------------
  
  DECOMPOSITION INTO THREE VECTOR DIPOLES
  
  SEISMIC MOMENTS OF ISOTROPIC PART, EMT1, EMT2, EMT3
 -0.1398101E+07  0.3862922E+22  0.1163833E+23  0.1550125E+23
  
            DIPOLE AXES
  0.0844430 -0.9959725  0.0301341
  0.8160479  0.0517710 -0.5756610
 -0.5717825 -0.0732014 -0.8171330
  
  --------------------------------------------------------------
  
  DECOMPOSITION INTO THREE COMPENSATED LINEAR VECTOR DIPOLES
  
  SEISMIC MOMENTS OF ISOTROPIC PART, EMT1, EMT2, EMT3
 -0.1398101E+07  0.2230259E+22  0.6719390E+22  0.8949649E+22
  
  EIGENVALUE          AXES OF CLVD
       -1    0.8160479  0.0517710 -0.5756610
        2    0.0844430 -0.9959725  0.0301341
       -1   -0.5717825 -0.0732014 -0.8171330
  
  EIGENVALUE          AXES OF CLVD
        2    0.8160479  0.0517710 -0.5756610
       -1    0.0844430 -0.9959725  0.0301341
       -1   -0.5717825 -0.0732014 -0.8171330
  
  EIGENVALUE          AXES OF CLVD
       -1    0.8160479  0.0517710 -0.5756610
       -1    0.0844430 -0.9959725  0.0301341
        2   -0.5717825 -0.0732014 -0.8171330
  
  --------------------------------------------------------------
  
  DECOMPOSITION INTO A DOUBLE COUPLE AND A CLVD
  
  SEISMIC MOMENTS OF ISOTROPIC PART, DC, CLVD
 -0.1398101E+07  0.7775404E+22  0.3862922E+22
 Isotropic: moment=sqrt(sum mij**2/2)=   1712317.4376857425     
      (|e1| + |e2|)/2=   1398101.25    
          -0.13981E+07 0.00000E+00 0.00000E+00
           0.00000E+00-0.13981E+07 0.00000E+00
           0.00000E+00 0.00000E+00-0.13981E+07
 Double couple: moment=sqrt(sum mij**2/2)=   1.5501247217098612E+022
      (|e1| + |e2|)/2=   1.55012469E+22
          -0.52549E+22-0.60824E+19 0.14525E+23
          -0.60824E+19 0.41515E+20 0.13892E+22
           0.14525E+23 0.13892E+22 0.52134E+22
  
  EIGENVALUES AND EIGENVECTORS OF THE DC
 -0.1550125E+23    0.8160479  0.0517710 -0.5756610
  0.0000000E+00    0.0844430 -0.9959725  0.0301341
  0.1550125E+23   -0.5717825 -0.0732014 -0.8171330

  NODAL PLANES 
   STK=   95.14000
   DIP=   80.16821
  SLIP=   91.75756
   OR
   STK=  264.95273
   DIP=    9.98613
  SLIP=   79.96391
  
            X-DIR          Y-DIR          Z-DIR
  X:       0.9813688      0.0881000      0.1707446
  Y:      -0.1727240      0.0152994      0.9848514
  Z:       0.0841531     -0.9959941      0.0302314
  T:       0.5717982      0.0731144      0.8171298
  P:      -0.8160669     -0.0514778      0.5756605
  
        TREND       PLUNGE
  X      5.13012     9.82669
  Y    174.94776    80.01387
  Z    274.82484     1.72752
  T      7.28713    54.79656
  P    183.59972    35.14287
  
 CLVD: moment=sqrt(sum mij**2/2)=   6.6907768937474005E+021
      (|e1| + |e2|)/2=   5.79438251E+21
          -0.74146E+20 0.48505E+21 0.54145E+22
           0.48505E+21-0.38008E+22 0.69319E+21
           0.54145E+22 0.69319E+21 0.38750E+22
  EIGENVALUE          AXES OF CLVD
 -0.3862922E+22    0.8160479  0.0517710 -0.5756610
 -0.3862922E+22    0.0844430 -0.9959725  0.0301341
  0.7725844E+22   -0.5717825 -0.0732014 -0.8171330
 Original moment tensor
          -0.53291E+22 0.47897E+21 0.19939E+23
           0.47897E+21-0.37593E+22 0.20824E+22
           0.19939E+23 0.20824E+22 0.90884E+22
  
  --------------------------------------------------------------
 EVD:  -1.1638325376405817E+022  -3.8629218406927890E+021   1.5501247217098602E+022
 EVP:   3.8629218406927890E+021   1.1638325376405817E+022   1.5501247217098602E+022
  
  DECOMPOSITION INTO A DOUBLE COUPLE AND A CRACK
  
  SEISMIC MOMENTS OF ISOTROPIC PART, DC, CRACK
 -0.9657305E+22  0.7775404E+22  0.5794383E+22
  
  EIGENVALUES AND EIGENVECTORS OF THE DC
 -0.1550125E+23    0.8160479  0.0517710 -0.5756610
  0.0000000E+00    0.0844430 -0.9959725  0.0301341
  0.1550125E+23   -0.5717825 -0.0732014 -0.8171330

  NODAL PLANES 
   STK=   95.14000
   DIP=   80.16821
  SLIP=   91.75756
   OR
   STK=  264.95273
   DIP=    9.98613
  SLIP=   79.96391
  
            X-DIR          Y-DIR          Z-DIR
  X:       0.9813688      0.0881000      0.1707446
  Y:      -0.1727240      0.0152994      0.9848514
  Z:       0.0841531     -0.9959941      0.0302314
  T:       0.5717982      0.0731144      0.8171298
  P:      -0.8160669     -0.0514778      0.5756605
  
        TREND       PLUNGE
  X      5.13012     9.82669
  Y    174.94776    80.01387
  Z    274.82484     1.72752
  T      7.28713    54.79656
  P    183.59972    35.14287
  
  EIGENVALUE          AXES OF CRACK
        1    0.8160479  0.0517710 -0.5756610
        1    0.0844430 -0.9959725  0.0301341
        3   -0.5717825 -0.0732014 -0.8171330
