  
  INPUT MOMENT TENSOR
 -0.8780000E+22  0.2010000E+21  0.9000000E+22
  0.2010000E+21 -0.9260000E+22  0.3270000E+22
  0.9000000E+22  0.3270000E+22 -0.1570000E+23
  EIGENVALUES AND EIGENVECTOR OF M(i,j)
     1 -0.2240E+23  (-0.5387E+00,-0.1957E+00, 0.8195E+00)
     2 -0.9333E+22  ( 0.3415E+00,-0.9399E+00, 0.5814E-05)
     3 -0.2009E+22  (-0.7702E+00,-0.2798E+00,-0.5732E+00)
   EIGENVALUES               EIGENVECTORS
     1 -0.2240E+23  (-0.5387E+00,-0.1957E+00, 0.8195E+00)
     2 -0.9333E+22  ( 0.3415E+00,-0.9399E+00, 0.5814E-05)
     3 -0.2009E+22  (-0.7702E+00,-0.2798E+00,-0.5732E+00)
  
 Input: moment=sqrt(sum mij**2/2)=   1.7216163945548393E+022
      (|e1| + |e2|)/2=   1.58652864E+22
          -0.87800E+22 0.20100E+21 0.90000E+22
           0.20100E+21-0.92600E+22 0.32700E+22
           0.90000E+22 0.32700E+22-0.15700E+23
  SEISMIC MOMENT OF THE INPUT MOMENT TENSOR:   0.1721616E+23
  
  ISOTROPIC COMPONENT (TRACE OF MOMENT TENSOR):  -0.3374000E+23
  
  INPUT MOMENT TENSOR IS PARTIALLY DUE TO AN IMPLOSION
 Deviatoric: moment=sqrt(sum mij**2/2)=   1.0327876564586424E+022
      (|e1| + |e2|)/2=   1.01940464E+22
           0.24667E+22 0.20100E+21 0.90000E+22
           0.20100E+21 0.19867E+22 0.32700E+22
           0.90000E+22 0.32700E+22-0.44533E+22
  EIGENVALUES OF THE PURELY DEVIATORIC MOMENT TENSOR
 -0.1115085E+23  0.1913616E+22  0.9237239E+22
  
  SORTED EIGENVALUES
  0.1913616E+22  0.9237239E+22  0.1115085E+23
  EPSILON    % OF CLVD     % OF DC
  0.171612   34.322312   65.677688
  LUNE PARAMETERS
  beta:  143.14 gamma:   9.23
  
  --------------------------------------------------------------
  
  DECOMPOSITION INTO MAJOR AND MINOR DOUBLE COUPLE
  
  SEISMIC MOMENT OF ISOTROPIC PART, MAJOR, AND MINOR COUPLE
 -0.1124667E+23  0.1115085E+23  0.1913616E+22
  
  EIGENVALUES AND EIGENVECTORS OF THE MAJOR DC
     1 -0.1115E+23  (-0.5387E+00,-0.1957E+00, 0.8195E+00)
     2  0.0000E+00  ( 0.3415E+00,-0.9399E+00, 0.5814E-05)
     3  0.1115E+23  (-0.7702E+00,-0.2798E+00,-0.5732E+00)

  NODAL PLANES 
   STK=  289.96495
   DIP=   79.96967
  SLIP=  -90.00508
   OR
   STK=  109.99410
   DIP=   10.03034
  SLIP=  -89.97129
  
            X-DIR          Y-DIR          Z-DIR
  X:      -0.9256027     -0.3360475      0.1741600
  Y:       0.1636694      0.0595320      0.9847174
  Z:       0.3412799     -0.9399617      0.0000000
  T:       0.7702317      0.2797170      0.5731506
  P:      -0.5387682     -0.1955260      0.8194501
  
        TREND       PLUNGE
  X    199.94500    10.02537
  Y     19.98913    79.96966
  Z    289.95101     0.00000
  T     19.96008    34.96718
  P    199.93766    55.02785
  
  EIGENVALUES AND EIGENVECTORS OF THE MINOR DC
     1  0.0000E+00  (-0.5387E+00,-0.1957E+00, 0.8195E+00)
     2  0.1914E+22  ( 0.3415E+00,-0.9399E+00, 0.5814E-05)
     3 -0.1914E+22  (-0.7702E+00,-0.2798E+00,-0.5732E+00)

  NODAL PLANES 
   STK=  160.63227
   DIP=   66.09128
  SLIP= -153.68861
   OR
   STK=   59.30016
   DIP=   66.09539
  SLIP=  -26.31507
  
            X-DIR          Y-DIR          Z-DIR
  X:       0.3032142      0.8624586      0.4052485
  Y:       0.7860478     -0.4667787      0.4052734
  Z:      -0.5386929     -0.1956600      0.8194676
  T:       0.3414149     -0.9399127      0.0000000
  P:       0.7702246      0.2797879      0.5731255
  
        TREND       PLUNGE
  X     70.63377    23.90305
  Y    329.29520    23.90461
  Z    199.95282    55.02960
  T    289.95923     0.00000
  P     19.96491    34.96543
  
  --------------------------------------------------------------
  
  DECOMPOSITION INTO THREE DOUBLE COUPLES
  
  SEISMIC MOMENTS OF ISOTROPIC PART, EMT1, EMT2, EMT3
 -0.1124667E+23  0.4354823E+22  0.2441208E+22  0.6796031E+22
  
  EMT1
 -0.1735749E+00 -0.4264013E+00  0.4414368E+00
 -0.4264013E+00  0.8450733E+00  0.1603803E+00
  0.4414368E+00  0.1603803E+00 -0.6714984E+00
  
  
  EIGENVALUES                EIGENVECTORS
 -0.1000000E+01   -0.1735749 -0.4264013  0.4414368
  0.3330669E-15   -0.4264013  0.8450733  0.1603803
  0.1000000E+01    0.4414368  0.1603803 -0.6714984

  NODAL PLANES 
   STK=  211.77681
   DIP=   71.30795
  SLIP=  140.99773
   OR
   STK=  316.32644
   DIP=   53.40492
  SLIP=   23.52633
  
            X-DIR          Y-DIR          Z-DIR
  X:      -0.4985939      0.8054280      0.3204526
  Y:      -0.5545757     -0.5805124      0.5961972
  Z:       0.6662206      0.1195451      0.7361108
  T:      -0.7447034      0.1590393      0.6481693
  P:      -0.0395851     -0.9800079      0.1949809
  
        TREND       PLUNGE
  X    121.76597    18.68636
  Y    226.30160    36.59508
  Z     10.17332    47.39881
  T    167.95424    40.40098
  P    267.68183    11.23926
  
  EMT2
  0.4765683E+00  0.5364957E+00  0.4414309E+00
  0.5364957E+00 -0.8050699E+00  0.1603967E+00
  0.4414309E+00  0.1603967E+00  0.3285016E+00
  
  
  EIGENVALUES                EIGENVECTORS
 -0.1000000E+01    0.4765683  0.5364957  0.4414309
 -0.2220446E-15    0.5364957 -0.8050699  0.1603967
  0.1000000E+01    0.4414309  0.1603967  0.3285016

  NODAL PLANES 
   STK=  219.95855
   DIP=   76.04255
  SLIP= -155.92362
   OR
   STK=  123.80723
   DIP=   66.67730
  SLIP=  -15.22817
  
            X-DIR          Y-DIR          Z-DIR
  X:      -0.6231931      0.7439501      0.2411815
  Y:       0.7630597      0.5108317      0.3959683
  Z:      -0.1713775     -0.4308006      0.8860251
  T:       0.9802288     -0.1648396      0.1094508
  P:       0.0989006      0.8872648      0.4505330
  
        TREND       PLUNGE
  X    129.95945    13.95209
  Y     33.80227    23.32270
  Z    248.30059    62.37642
  T    350.45367     6.27904
  P     83.64429    26.77440
  
  EMT3
  0.3029934E+00  0.1100944E+00  0.8828677E+00
  0.1100944E+00  0.4000343E-01  0.3207770E+00
  0.8828677E+00  0.3207770E+00 -0.3429968E+00
  
  
  EIGENVALUES                EIGENVECTORS
 -0.1000000E+01    0.3029934  0.1100944  0.8828677
 -0.7395045E-16    0.1100944  0.0400034  0.3207770
  0.1000000E+01    0.8828677  0.3207770 -0.3429968

  NODAL PLANES 
   STK=  109.96269
   DIP=   69.03350
  SLIP=  -89.99477
   OR
   STK=  289.94807
   DIP=   20.96650
  SLIP=  -90.01366
  
            X-DIR          Y-DIR          Z-DIR
  X:      -0.3363699     -0.1219772      0.9337970
  Y:       0.8778085      0.3184794      0.3578032
  Z:       0.3410389     -0.9400492      0.0000000
  T:      -0.8585538     -0.3114498      0.4072892
  P:       0.3828549      0.1389480      0.9132993
  
        TREND       PLUNGE
  X    199.92324    69.03350
  Y     19.94247    20.96153
  Z    289.93632     0.00000
  T    199.92996    24.03102
  P     19.94825    65.96402
  
  --------------------------------------------------------------
  
  DECOMPOSITION INTO THREE VECTOR DIPOLES
  
  SEISMIC MOMENTS OF ISOTROPIC PART, EMT1, EMT2, EMT3
 -0.1124667E+23  0.1913616E+22  0.9237239E+22  0.1115085E+23
  
            DIPOLE AXES
  0.3414951 -0.9398835  0.0000058
 -0.7701865 -0.2798413 -0.5731506
 -0.5386964 -0.1957237  0.8194501
  
  --------------------------------------------------------------
  
  DECOMPOSITION INTO THREE COMPENSATED LINEAR VECTOR DIPOLES
  
  SEISMIC MOMENTS OF ISOTROPIC PART, EMT1, EMT2, EMT3
 -0.1124667E+23  0.5388439E+22  0.1160144E+22  0.1293121E+23
  
  EIGENVALUE          AXES OF CLVD
       -1   -0.5386964 -0.1957237  0.8194501
        2    0.3414951 -0.9398835  0.0000058
       -1   -0.7701865 -0.2798413 -0.5731506
  
  EIGENVALUE          AXES OF CLVD
       -1   -0.5386964 -0.1957237  0.8194501
       -1    0.3414951 -0.9398835  0.0000058
        2   -0.7701865 -0.2798413 -0.5731506
  
  EIGENVALUE          AXES OF CLVD
        2   -0.5386964 -0.1957237  0.8194501
       -1    0.3414951 -0.9398835  0.0000058
       -1   -0.7701865 -0.2798413 -0.5731506
  
  --------------------------------------------------------------
  
  DECOMPOSITION INTO A DOUBLE COUPLE AND A CLVD
  
  SEISMIC MOMENTS OF ISOTROPIC PART, DC, CLVD
 -0.1124667E+23  0.7323624E+22  0.1913616E+22
 Isotropic: moment=sqrt(sum mij**2/2)=   1.3774297320250740E+022
      (|e1| + |e2|)/2=   1.12466660E+22
          -0.11247E+23 0.00000E+00 0.00000E+00
           0.00000E+00-0.11247E+23 0.00000E+00
           0.00000E+00 0.00000E+00-0.11247E+23
 Double couple: moment=sqrt(sum mij**2/2)=   1.1150854617914000E+022
      (|e1| + |e2|)/2=   1.11508541E+22
           0.33786E+22 0.12276E+22 0.98447E+22
           0.12276E+22 0.44607E+21 0.35769E+22
           0.98447E+22 0.35769E+22-0.38247E+22
  
  EIGENVALUES AND EIGENVECTORS OF THE DC
 -0.1115085E+23   -0.5386964 -0.1957237  0.8194501
  0.0000000E+00    0.3414951 -0.9398835  0.0000058
  0.1115085E+23   -0.7701865 -0.2798413 -0.5731506

  NODAL PLANES 
   STK=  289.96495
   DIP=   79.96967
  SLIP=  -90.00508
   OR
   STK=  109.99410
   DIP=   10.03034
  SLIP=  -89.97129
  
            X-DIR          Y-DIR          Z-DIR
  X:      -0.9256027     -0.3360475      0.1741600
  Y:       0.1636694      0.0595320      0.9847174
  Z:       0.3412799     -0.9399617      0.0000000
  T:       0.7702317      0.2797170      0.5731506
  P:      -0.5387682     -0.1955260      0.8194501
  
        TREND       PLUNGE
  X    199.94500    10.02537
  Y     19.98913    79.96966
  Z    289.95101     0.00000
  T     19.96008    34.96718
  P    199.93766    55.02785
  
 CLVD: moment=sqrt(sum mij**2/2)=   3.3144793722564080E+021
      (|e1| + |e2|)/2=   2.87042327E+21
          -0.24766E+21 0.60529E+21-0.25342E+22
           0.60529E+21-0.16937E+22-0.92075E+21
          -0.25342E+22-0.92075E+21 0.19414E+22
  EIGENVALUE          AXES OF CLVD
  0.3827231E+22   -0.5386964 -0.1957237  0.8194501
 -0.1913616E+22    0.3414951 -0.9398835  0.0000058
 -0.1913616E+22   -0.7701865 -0.2798413 -0.5731506
 Original moment tensor
          -0.81157E+22 0.18329E+22 0.73105E+22
           0.18329E+22-0.12494E+23 0.26562E+22
           0.73105E+22 0.26562E+22-0.13130E+23
  
  --------------------------------------------------------------
 EVD:  -1.1150854617913992E+022   1.9136155577956979E+021   9.2372390601182969E+021
 EVP:   1.9136155577956979E+021   9.2372390601182969E+021   1.1150854617913992E+022
  
  DECOMPOSITION INTO A DOUBLE COUPLE AND A CRACK
  
  SEISMIC MOMENTS OF ISOTROPIC PART, DC, CRACK
 -0.1603071E+23  0.7323624E+22  0.2870423E+22
  
  EIGENVALUES AND EIGENVECTORS OF THE DC
 -0.1115085E+23   -0.5386964 -0.1957237  0.8194501
  0.0000000E+00    0.3414951 -0.9398835  0.0000058
  0.1115085E+23   -0.7701865 -0.2798413 -0.5731506

  NODAL PLANES 
   STK=  289.96495
   DIP=   79.96967
  SLIP=  -90.00508
   OR
   STK=  109.99410
   DIP=   10.03034
  SLIP=  -89.97129
  
            X-DIR          Y-DIR          Z-DIR
  X:      -0.9256027     -0.3360475      0.1741600
  Y:       0.1636694      0.0595320      0.9847174
  Z:       0.3412799     -0.9399617      0.0000000
  T:       0.7702317      0.2797170      0.5731506
  P:      -0.5387682     -0.1955260      0.8194501
  
        TREND       PLUNGE
  X    199.94500    10.02537
  Y     19.98913    79.96966
  Z    289.95101     0.00000
  T     19.96008    34.96718
  P    199.93766    55.02785
  
  EIGENVALUE          AXES OF CRACK
        3   -0.5386964 -0.1957237  0.8194501
        1    0.3414951 -0.9398835  0.0000058
        1   -0.7701865 -0.2798413 -0.5731506
