  
  INPUT MOMENT TENSOR
 -0.3010000E+22  0.1950000E+22  0.1080000E+23
  0.1950000E+22 -0.1160000E+22 -0.4900000E+22
  0.1080000E+23 -0.4900000E+22  0.4170000E+22
  EIGENVALUES AND EIGENVECTOR OF M(i,j)
     1 -0.1258E+23  (-0.7270E+00, 0.3717E+00, 0.5773E+00)
     2  0.7070E+18  ( 0.4268E+00, 0.9033E+00,-0.4410E-01)
     3  0.1258E+23  (-0.5379E+00, 0.2144E+00,-0.8153E+00)
   EIGENVALUES               EIGENVECTORS
     1 -0.1258E+23  (-0.7270E+00, 0.3717E+00, 0.5773E+00)
     2  0.7070E+18  ( 0.4268E+00, 0.9033E+00,-0.4410E-01)
     3  0.1258E+23  (-0.5379E+00, 0.2144E+00,-0.8153E+00)
  
 Input: moment=sqrt(sum mij**2/2)=   1.2583711694090901E+022
      (|e1| + |e2|)/2=   1.25837115E+22
          -0.30100E+22 0.19500E+22 0.10800E+23
           0.19500E+22-0.11600E+22-0.49000E+22
           0.10800E+23-0.49000E+22 0.41700E+22
  SEISMIC MOMENT OF THE INPUT MOMENT TENSOR:   0.1258371E+23
  
  ISOTROPIC COMPONENT (TRACE OF MOMENT TENSOR):   0.0000000E+00
  
  INPUT MOMENT TENSOR IS PURELY DEVIATORIC
 Deviatoric: moment=sqrt(sum mij**2/2)=   1.2583711694090901E+022
      (|e1| + |e2|)/2=   1.25837115E+22
          -0.30100E+22 0.19500E+22 0.10800E+23
           0.19500E+22-0.11600E+22-0.49000E+22
           0.10800E+23-0.49000E+22 0.41700E+22
  EIGENVALUES OF THE PURELY DEVIATORIC MOMENT TENSOR
 -0.1258407E+23  0.7069981E+18  0.1258336E+23
  
  SORTED EIGENVALUES
  0.7069981E+18  0.1258336E+23  0.1258407E+23
  EPSILON    % OF CLVD     % OF DC
  0.000056    0.011236   99.988764
  LUNE PARAMETERS
  beta:   90.00 gamma:   0.00
  
  --------------------------------------------------------------
  
  DECOMPOSITION INTO MAJOR AND MINOR DOUBLE COUPLE
  
  SEISMIC MOMENT OF ISOTROPIC PART, MAJOR, AND MINOR COUPLE
  0.0000000E+00  0.1258407E+23  0.7069981E+18
  
  EIGENVALUES AND EIGENVECTORS OF THE MAJOR DC
     1 -0.1258E+23  (-0.7270E+00, 0.3717E+00, 0.5773E+00)
     2  0.0000E+00  ( 0.4268E+00, 0.9033E+00,-0.4410E-01)
     3  0.1258E+23  (-0.5379E+00, 0.2144E+00,-0.8153E+00)

  NODAL PLANES 
   STK=   65.14305
   DIP=   80.31227
  SLIP=   92.55973
   OR
   STK=  230.26531
   DIP=   10.01708
  SLIP=   75.33922
  
            X-DIR          Y-DIR          Z-DIR
  X:       0.8943610     -0.4144936      0.1682660
  Y:      -0.1337314      0.1112130      0.9847576
  Z:      -0.4268891     -0.9032313      0.0440337
  T:       0.5378464     -0.2144518      0.8153108
  P:      -0.7269711      0.3717307      0.5773468
  
        TREND       PLUNGE
  X    335.13316     9.68258
  Y    140.26034    79.98292
  Z    244.69708     2.51894
  T    338.26048    54.61615
  P    152.92588    35.26113
  
  EIGENVALUES AND EIGENVECTORS OF THE MINOR DC
     1  0.0000E+00  (-0.7270E+00, 0.3717E+00, 0.5773E+00)
     2  0.7070E+18  ( 0.4268E+00, 0.9033E+00,-0.4410E-01)
     3 -0.7070E+18  (-0.5379E+00, 0.2144E+00,-0.8153E+00)

  NODAL PLANES 
   STK=  125.52391
   DIP=   56.95204
  SLIP= -133.53577
   OR
   STK=    5.67019
   DIP=   52.57958
  SLIP=  -43.36598
  
            X-DIR          Y-DIR          Z-DIR
  X:       0.6822304      0.4870466      0.5452956
  Y:       0.0784610     -0.7902820      0.6076991
  Z:      -0.7269151      0.3718064      0.5773686
  T:      -0.4269294     -0.9032077      0.0441259
  P:       0.5378901     -0.2144199      0.8152904
  
        TREND       PLUNGE
  X     35.52513    33.04173
  Y    275.66522    37.42042
  Z    152.91936    35.26265
  T    244.69441     2.52422
  P    338.26502    54.61413
  
  --------------------------------------------------------------
  
  DECOMPOSITION INTO THREE DOUBLE COUPLES
  
  SEISMIC MOMENTS OF ISOTROPIC PART, EMT1, EMT2, EMT3
  0.0000000E+00  0.4194924E+22  0.4194217E+22  0.8389141E+22
  
  EMT1
 -0.3463117E+00  0.6557743E+00  0.4008923E+00
  0.6557743E+00  0.6776902E+00 -0.2544438E+00
  0.4008923E+00 -0.2544438E+00 -0.3313785E+00
  
  
  EIGENVALUES                EIGENVECTORS
 -0.1000000E+01   -0.3463117  0.6557743  0.4008923
  0.2220446E-15    0.6557743  0.6776902 -0.2544438
  0.1000000E+01    0.4008923 -0.2544438 -0.3313785

  NODAL PLANES 
   STK=  129.55463
   DIP=   81.73000
  SLIP=  -22.40925
   OR
   STK=  222.94903
   DIP=   67.83622
  SLIP= -171.06497
  
            X-DIR          Y-DIR          Z-DIR
  X:      -0.6308399      0.6779925      0.3773159
  Y:       0.7631649      0.6299584      0.1439850
  Z:       0.1400725     -0.3787857      0.9148230
  T:      -0.9857103      0.0339652      0.1649898
  P:       0.0935679      0.9248609      0.3686154
  
        TREND       PLUNGE
  X    132.94407    22.16378
  Y     39.54033     8.27400
  Z    290.29023    66.17928
  T    178.03633     9.49220
  P     84.22770    21.62648
  
  EMT2
  0.1071263E+00 -0.5008446E+00  0.4573616E+00
 -0.5008446E+00 -0.7699135E+00 -0.1349451E+00
  0.4573616E+00 -0.1349451E+00  0.6627872E+00
  
  
  EIGENVALUES                EIGENVECTORS
 -0.1000000E+01    0.1071263 -0.5008446  0.4573616
  0.8881784E-15   -0.5008446 -0.7699135 -0.1349451
  0.1000000E+01    0.4573616 -0.1349451  0.6627872

  NODAL PLANES 
   STK=  141.01760
   DIP=   76.35235
  SLIP=   39.80310
   OR
   STK=   39.89465
   DIP=   51.53206
  SLIP=  162.46080
  
            X-DIR          Y-DIR          Z-DIR
  X:       0.5021281     -0.6006993      0.6221155
  Y:       0.6112454      0.7554176      0.2360579
  Z:      -0.6117568      0.2617340      0.7464911
  T:       0.7872740      0.1094023      0.6068203
  P:      -0.0771576     -0.9589194      0.2729840
  
        TREND       PLUNGE
  X    309.88968    38.46794
  Y     51.02479    13.64978
  Z    156.84548    48.28503
  T      7.91179    37.35704
  P    265.39449    15.83782
  
  EMT3
 -0.2391854E+00  0.1549297E+00  0.8582539E+00
  0.1549297E+00 -0.9222332E-01 -0.3893889E+00
  0.8582539E+00 -0.3893889E+00  0.3314087E+00
  
  
  EIGENVALUES                EIGENVECTORS
 -0.1000000E+01   -0.2391854  0.1549297  0.8582539
 -0.8017179E-17    0.1549297 -0.0922233 -0.3893889
  0.1000000E+01    0.8582539 -0.3893889  0.3314087

  NODAL PLANES 
   STK=  242.59540
   DIP=   70.06920
  SLIP=  -94.46200
   OR
   STK=   75.48922
   DIP=   20.40432
  SLIP=  -77.89056
  
            X-DIR          Y-DIR          Z-DIR
  X:      -0.8345474      0.4328327      0.3408615
  Y:       0.3374970     -0.0873766      0.9372626
  Z:      -0.4354612     -0.8972297      0.0731598
  T:       0.8287605     -0.3678435      0.4217192
  P:      -0.3514677      0.2442744      0.9037702
  
        TREND       PLUNGE
  X    152.59519    19.92550
  Y    345.48425    69.59568
  Z    244.10446     4.19076
  T    336.06474    24.93959
  P    145.20824    64.65676
  
  --------------------------------------------------------------
  
  DECOMPOSITION INTO THREE VECTOR DIPOLES
  
  SEISMIC MOMENTS OF ISOTROPIC PART, EMT1, EMT2, EMT3
  0.0000000E+00  0.7069981E+18  0.1258336E+23  0.1258407E+23
  
            DIPOLE AXES
  0.4268341  0.9032541 -0.0440994
 -0.5378788  0.2143697 -0.8153110
 -0.7269794  0.3717226  0.5773416
  
  --------------------------------------------------------------
  
  DECOMPOSITION INTO THREE COMPENSATED LINEAR VECTOR DIPOLES
  
  SEISMIC MOMENTS OF ISOTROPIC PART, EMT1, EMT2, EMT3
  0.0000000E+00  0.4081855E+18  0.7265005E+22  0.7265413E+22
  
  EIGENVALUE          AXES OF CLVD
       -1   -0.7269794  0.3717226  0.5773416
        2    0.4268341  0.9032541 -0.0440994
       -1   -0.5378788  0.2143697 -0.8153110
  
  EIGENVALUE          AXES OF CLVD
       -1   -0.7269794  0.3717226  0.5773416
       -1    0.4268341  0.9032541 -0.0440994
        2   -0.5378788  0.2143697 -0.8153110
  
  EIGENVALUE          AXES OF CLVD
        2   -0.7269794  0.3717226  0.5773416
       -1    0.4268341  0.9032541 -0.0440994
       -1   -0.5378788  0.2143697 -0.8153110
  
  --------------------------------------------------------------
  
  DECOMPOSITION INTO A DOUBLE COUPLE AND A CLVD
  
  SEISMIC MOMENTS OF ISOTROPIC PART, DC, CLVD
  0.0000000E+00  0.1258265E+23  0.7069981E+18
 Isotropic: moment=sqrt(sum mij**2/2)=   0.0000000000000000     
      (|e1| + |e2|)/2=   0.00000000    
           0.00000E+00 0.00000E+00 0.00000E+00
           0.00000E+00 0.00000E+00 0.00000E+00
           0.00000E+00 0.00000E+00 0.00000E+00
 Double couple: moment=sqrt(sum mij**2/2)=   1.2584065178221960E+022
      (|e1| + |e2|)/2=   1.25840650E+22
          -0.30099E+22 0.19496E+22 0.10800E+23
           0.19496E+22-0.11605E+22-0.49001E+22
           0.10800E+23-0.49001E+22 0.41705E+22
  
  EIGENVALUES AND EIGENVECTORS OF THE DC
 -0.1258407E+23   -0.7269794  0.3717226  0.5773416
  0.0000000E+00    0.4268341  0.9032541 -0.0440994
  0.1258407E+23   -0.5378788  0.2143697 -0.8153110

  NODAL PLANES 
   STK=   65.14305
   DIP=   80.31227
  SLIP=   92.55973
   OR
   STK=  230.26531
   DIP=   10.01708
  SLIP=   75.33922
  
            X-DIR          Y-DIR          Z-DIR
  X:       0.8943610     -0.4144936      0.1682660
  Y:      -0.1337314      0.1112130      0.9847576
  Z:      -0.4268891     -0.9032313      0.0440337
  T:       0.5378464     -0.2144518      0.8153108
  P:      -0.7269711      0.3717307      0.5773468
  
        TREND       PLUNGE
  X    335.13316     9.68258
  Y    140.26034    79.98292
  Z    244.69708     2.51894
  T    338.26048    54.61615
  P    152.92588    35.26113
  
 CLVD: moment=sqrt(sum mij**2/2)=   1.2245565493102625E+018
      (|e1| + |e2|)/2=   1.06049711E+18
           0.41395E+18-0.57317E+18-0.89021E+18
          -0.57317E+18-0.41392E+18 0.45519E+18
          -0.89021E+18 0.45519E+18-0.21330E+14
  EIGENVALUE          AXES OF CLVD
  0.1413996E+19   -0.7269794  0.3717226  0.5773416
 -0.7069981E+18    0.4268341  0.9032541 -0.0440994
 -0.7069981E+18   -0.5378788  0.2143697 -0.8153110
 Original moment tensor
          -0.30095E+22 0.19491E+22 0.10799E+23
           0.19491E+22-0.11610E+22-0.48996E+22
           0.10799E+23-0.48996E+22 0.41705E+22
  
  --------------------------------------------------------------
 EVD:  -1.2584065178221960E+022   7.0699805338219942E+017   1.2583358180168577E+022
 EVP:   7.0699805338219942E+017   1.2583358180168577E+022   1.2584065178221960E+022
  
  DECOMPOSITION INTO A DOUBLE COUPLE AND A CRACK
  
  SEISMIC MOMENTS OF ISOTROPIC PART, DC, CRACK
 -0.1767495E+19  0.1258265E+23  0.1060497E+19
  
  EIGENVALUES AND EIGENVECTORS OF THE DC
 -0.1258407E+23   -0.7269794  0.3717226  0.5773416
  0.0000000E+00    0.4268341  0.9032541 -0.0440994
  0.1258407E+23   -0.5378788  0.2143697 -0.8153110

  NODAL PLANES 
   STK=   65.14305
   DIP=   80.31227
  SLIP=   92.55973
   OR
   STK=  230.26531
   DIP=   10.01708
  SLIP=   75.33922
  
            X-DIR          Y-DIR          Z-DIR
  X:       0.8943610     -0.4144936      0.1682660
  Y:      -0.1337314      0.1112130      0.9847576
  Z:      -0.4268891     -0.9032313      0.0440337
  T:       0.5378464     -0.2144518      0.8153108
  P:      -0.7269711      0.3717307      0.5773468
  
        TREND       PLUNGE
  X    335.13316     9.68258
  Y    140.26034    79.98292
  Z    244.69708     2.51894
  T    338.26048    54.61615
  P    152.92588    35.26113
  
  EIGENVALUE          AXES OF CRACK
        3   -0.7269794  0.3717226  0.5773416
        1    0.4268341  0.9032541 -0.0440994
        1   -0.5378788  0.2143697 -0.8153110
