  
  INPUT MOMENT TENSOR
 -0.1010000E+23  0.3000005E+21  0.8799995E+22
  0.3000005E+21 -0.1060000E+23  0.2799998E+22
  0.8799995E+22  0.2799998E+22 -0.2190000E+23
  EIGENVALUES AND EIGENVECTOR OF M(i,j)
     1 -0.2693E+23  (-0.4567E+00,-0.1422E+00, 0.8782E+00)
     2 -0.1073E+23  ( 0.3146E+00,-0.9492E+00, 0.9889E-02)
     3 -0.4942E+22  (-0.8322E+00,-0.2808E+00,-0.4782E+00)
   EIGENVALUES               EIGENVECTORS
     1 -0.2693E+23  (-0.4567E+00,-0.1422E+00, 0.8782E+00)
     2 -0.1073E+23  ( 0.3146E+00,-0.9492E+00, 0.9889E-02)
     3 -0.4942E+22  (-0.8322E+00,-0.2808E+00,-0.4782E+00)
  
 Input: moment=sqrt(sum mij**2/2)=   2.0793265763223171E+022
      (|e1| + |e2|)/2=   1.88290085E+22
          -0.10100E+23 0.30000E+21 0.88000E+22
           0.30000E+21-0.10600E+23 0.28000E+22
           0.88000E+22 0.28000E+22-0.21900E+23
  SEISMIC MOMENT OF THE INPUT MOMENT TENSOR:   0.2079327E+23
  
  ISOTROPIC COMPONENT (TRACE OF MOMENT TENSOR):  -0.4260000E+23
  
  INPUT MOMENT TENSOR IS PARTIALLY DUE TO AN IMPLOSION
 Deviatoric: moment=sqrt(sum mij**2/2)=   1.1397363778524799E+022
      (|e1| + |e2|)/2=   1.09937213E+22
           0.41000E+22 0.30000E+21 0.88000E+22
           0.30000E+21 0.36000E+22 0.28000E+22
           0.88000E+22 0.28000E+22-0.77000E+22
  EIGENVALUES OF THE PURELY DEVIATORIC MOMENT TENSOR
 -0.1272942E+23  0.3471407E+22  0.9258018E+22
  
  SORTED EIGENVALUES
  0.3471407E+22  0.9258018E+22  0.1272942E+23
  EPSILON    % OF CLVD     % OF DC
  0.272707   54.541456   45.458544
  LUNE PARAMETERS
  beta:  146.76 gamma:  15.29
  
  --------------------------------------------------------------
  
  DECOMPOSITION INTO MAJOR AND MINOR DOUBLE COUPLE
  
  SEISMIC MOMENT OF ISOTROPIC PART, MAJOR, AND MINOR COUPLE
 -0.1420000E+23  0.1272942E+23  0.3471407E+22
  
  EIGENVALUES AND EIGENVECTORS OF THE MAJOR DC
     1 -0.1273E+23  (-0.4567E+00,-0.1422E+00, 0.8782E+00)
     2  0.0000E+00  ( 0.3146E+00,-0.9492E+00, 0.9889E-02)
     3  0.1273E+23  (-0.8322E+00,-0.2808E+00,-0.4782E+00)

  NODAL PLANES 
   STK=  288.16599
   DIP=   73.56889
  SLIP=  -90.59515
   OR
   STK=  110.26915
   DIP=   16.44159
  SLIP=  -87.98276
  
            X-DIR          Y-DIR          Z-DIR
  X:      -0.9114160     -0.2988627      0.2828462
  Y:       0.2655069      0.0980195      0.9591133
  Z:       0.3143676     -0.9492488      0.0000000
  T:       0.8322102      0.2806381      0.4781930
  P:      -0.4567267     -0.1420176      0.8781980
  
        TREND       PLUNGE
  X    198.14592    16.42609
  Y     20.26419    73.55841
  Z    288.31963     0.56725
  T     18.63617    28.56406
  P    197.26393    61.42417
  
  EIGENVALUES AND EIGENVECTORS OF THE MINOR DC
     1  0.0000E+00  (-0.4567E+00,-0.1422E+00, 0.8782E+00)
     2  0.3471E+22  ( 0.3146E+00,-0.9492E+00, 0.9889E-02)
     3 -0.3471E+22  (-0.8322E+00,-0.2808E+00,-0.4782E+00)

  NODAL PLANES 
   STK=  157.17455
   DIP=   70.66167
  SLIP= -158.55052
   OR
   STK=   59.76175
   DIP=   69.81523
  SLIP=  -20.65953
  
            X-DIR          Y-DIR          Z-DIR
  X:       0.3660780      0.8696817      0.3311201
  Y:       0.8108325     -0.4727033      0.3451119
  Z:      -0.4566591     -0.1421451      0.8782125
  T:       0.3144889     -0.9492096      0.0000000
  P:       0.8322014      0.2807061      0.4781683
  
        TREND       PLUNGE
  X     67.17586    19.33288
  Y    329.75678    20.18477
  Z    197.28091    61.42591
  T    288.32694     0.56194
  P     18.64056    28.56245
  
  --------------------------------------------------------------
  
  DECOMPOSITION INTO THREE DOUBLE COUPLES
  
  SEISMIC MOMENTS OF ISOTROPIC PART, EMT1, EMT2, EMT3
 -0.1420000E+23  0.5400277E+22  0.1928870E+22  0.7329147E+22
  
  EMT1
 -0.1095951E+00 -0.3635175E+00  0.4041576E+00
 -0.3635175E+00  0.8807308E+00  0.1154888E+00
  0.4041576E+00  0.1154888E+00 -0.7711357E+00
  
  
  EIGENVALUES                EIGENVECTORS
 -0.1000000E+01   -0.1095951 -0.3635175  0.4041576
 -0.1110223E-15   -0.3635175  0.8807308  0.1154888
  0.1000000E+01    0.4041576  0.1154888 -0.7711357

  NODAL PLANES 
   STK=  206.41072
   DIP=   64.87486
  SLIP=  133.97027
   OR
   STK=  320.16691
   DIP=   49.33736
  SLIP=   34.03788
  
            X-DIR          Y-DIR          Z-DIR
  X:      -0.4024791      0.8110243      0.4245588
  Y:      -0.4860575     -0.5823345      0.6516400
  Z:       0.7757311      0.0559115      0.6285819
  T:      -0.6282902      0.1617081      0.7609875
  P:      -0.0590988     -0.9852535      0.1605707
  
        TREND       PLUNGE
  X    116.39980    25.11916
  Y    230.14208    40.66264
  Z      4.12274    38.94275
  T    165.57572    49.54910
  P    266.56216     9.23557
  
  EMT2
  0.5935485E+00  0.5322272E+00  0.3948255E+00
  0.5322272E+00 -0.8221194E+00  0.1436476E+00
  0.3948255E+00  0.1436476E+00  0.2285709E+00
  
  
  EIGENVALUES                EIGENVECTORS
 -0.1000000E+01    0.5935485  0.5322272  0.3948255
  0.1110223E-15    0.5322272 -0.8221194  0.1436476
  0.1000000E+01    0.3948255  0.1436476  0.2285709

  NODAL PLANES 
   STK=  219.44983
   DIP=   65.40845
  SLIP= -159.52685
   OR
   STK=  120.61847
   DIP=   71.45535
  SLIP=  -26.03615
  
            X-DIR          Y-DIR          Z-DIR
  X:      -0.5777123      0.7022081      0.4161158
  Y:       0.8159306      0.4827671      0.3181088
  Z:      -0.0224916     -0.5232969      0.8518535
  T:      -0.9854543      0.1551682      0.0693014
  P:       0.1684458      0.8379040      0.5191752
  
        TREND       PLUNGE
  X    129.45155    24.58599
  Y     30.61350    18.54465
  Z    267.53381    58.41210
  T    171.06120     3.96911
  P     78.63755    31.27370
  
  EMT3
  0.4839534E+00  0.1687097E+00  0.7989831E+00
  0.1687097E+00  0.5861139E-01  0.2591364E+00
  0.7989831E+00  0.2591364E+00 -0.5425648E+00
  
  
  EIGENVALUES                EIGENVECTORS
 -0.1000000E+01    0.4839534  0.1687097  0.7989831
 -0.1330716E-15    0.1687097  0.0586114  0.2591364
  0.1000000E+01    0.7989831  0.2591364 -0.5425648

  NODAL PLANES 
   STK=  108.48605
   DIP=   79.91151
  SLIP=  -89.35217
   OR
   STK=  284.79272
   DIP=   10.10905
  SLIP=  -93.63615
  
            X-DIR          Y-DIR          Z-DIR
  X:      -0.1697077     -0.0447658      0.9844772
  Y:       0.9338527      0.3118300      0.1751603
  Z:       0.3148307     -0.9490827      0.0111153
  T:      -0.7803351     -0.2521514      0.5722734
  P:       0.5403321      0.1888429      0.8199876
  
        TREND       PLUNGE
  X    194.76788    79.89095
  Y     18.46610    10.08358
  Z    288.34782     0.63194
  T    197.89837    34.90587
  P     19.26528    55.08162
  
  --------------------------------------------------------------
  
  DECOMPOSITION INTO THREE VECTOR DIPOLES
  
  SEISMIC MOMENTS OF ISOTROPIC PART, EMT1, EMT2, EMT3
 -0.1420000E+23  0.3471407E+22  0.9258018E+22  0.1272942E+23
  
            DIPOLE AXES
  0.3145666 -0.9491839  0.0098888
 -0.8321662 -0.2807680 -0.4781932
 -0.4566697 -0.1421945  0.8781990
  
  --------------------------------------------------------------
  
  DECOMPOSITION INTO THREE COMPENSATED LINEAR VECTOR DIPOLES
  
  SEISMIC MOMENTS OF ISOTROPIC PART, EMT1, EMT2, EMT3
 -0.1420000E+23  0.6194156E+22  0.2853255E+22  0.1554771E+23
  
  EIGENVALUE          AXES OF CLVD
       -1   -0.4566697 -0.1421945  0.8781990
        2    0.3145666 -0.9491839  0.0098888
       -1   -0.8321662 -0.2807680 -0.4781932
  
  EIGENVALUE          AXES OF CLVD
       -1   -0.4566697 -0.1421945  0.8781990
       -1    0.3145666 -0.9491839  0.0098888
        2   -0.8321662 -0.2807680 -0.4781932
  
  EIGENVALUE          AXES OF CLVD
        2   -0.4566697 -0.1421945  0.8781990
       -1    0.3145666 -0.9491839  0.0098888
       -1   -0.8321662 -0.2807680 -0.4781932
  
  --------------------------------------------------------------
  
  DECOMPOSITION INTO A DOUBLE COUPLE AND A CLVD
  
  SEISMIC MOMENTS OF ISOTROPIC PART, DC, CLVD
 -0.1420000E+23  0.5786611E+22  0.3471407E+22
 Isotropic: moment=sqrt(sum mij**2/2)=   1.7391377173760564E+022
      (|e1| + |e2|)/2=   1.41999994E+22
          -0.14200E+23 0.00000E+00 0.00000E+00
           0.00000E+00-0.14200E+23 0.00000E+00
           0.00000E+00 0.00000E+00-0.14200E+23
 Double couple: moment=sqrt(sum mij**2/2)=   1.2729424408998513E+022
      (|e1| + |e2|)/2=   1.27294243E+22
           0.61604E+22 0.21476E+22 0.10171E+23
           0.21476E+22 0.74609E+21 0.32987E+22
           0.10171E+23 0.32987E+22-0.69065E+22
  
  EIGENVALUES AND EIGENVECTORS OF THE DC
 -0.1272942E+23   -0.4566697 -0.1421945  0.8781990
  0.0000000E+00    0.3145666 -0.9491839  0.0098888
  0.1272942E+23   -0.8321662 -0.2807680 -0.4781932

  NODAL PLANES 
   STK=  288.16599
   DIP=   73.56889
  SLIP=  -90.59515
   OR
   STK=  110.26915
   DIP=   16.44159
  SLIP=  -87.98276
  
            X-DIR          Y-DIR          Z-DIR
  X:      -0.9114160     -0.2988627      0.2828462
  Y:       0.2655069      0.0980195      0.9591133
  Z:       0.3143676     -0.9492488      0.0000000
  T:       0.8322102      0.2806381      0.4781930
  P:      -0.4567267     -0.1420176      0.8781980
  
        TREND       PLUNGE
  X    198.14592    16.42609
  Y     20.26419    73.55841
  Z    288.31963     0.56725
  T     18.63617    28.56406
  P    197.26393    61.42417
  
 CLVD: moment=sqrt(sum mij**2/2)=   6.0126527723407587E+021
      (|e1| + |e2|)/2=   5.20711030E+21
          -0.12995E+22 0.67626E+21-0.41766E+22
           0.67626E+21-0.32608E+22-0.13005E+22
          -0.41766E+22-0.13005E+22 0.45604E+22
  EIGENVALUE          AXES OF CLVD
  0.6942813E+22   -0.4566697 -0.1421945  0.8781990
 -0.3471407E+22    0.3145666 -0.9491839  0.0098888
 -0.3471407E+22   -0.8321662 -0.2807680 -0.4781932
 Original moment tensor
          -0.93391E+22 0.28238E+22 0.59940E+22
           0.28238E+22-0.16715E+23 0.19982E+22
           0.59940E+22 0.19982E+22-0.16546E+23
  
  --------------------------------------------------------------
 EVD:  -1.2729424408998522E+022   3.4714066966546880E+021   9.2580177123438336E+021
 EVP:   3.4714066966546880E+021   9.2580177123438336E+021   1.2729424408998522E+022
  
  DECOMPOSITION INTO A DOUBLE COUPLE AND A CRACK
  
  SEISMIC MOMENTS OF ISOTROPIC PART, DC, CRACK
 -0.2287852E+23  0.5786611E+22  0.5207110E+22
  
  EIGENVALUES AND EIGENVECTORS OF THE DC
 -0.1272942E+23   -0.4566697 -0.1421945  0.8781990
  0.0000000E+00    0.3145666 -0.9491839  0.0098888
  0.1272942E+23   -0.8321662 -0.2807680 -0.4781932

  NODAL PLANES 
   STK=  288.16599
   DIP=   73.56889
  SLIP=  -90.59515
   OR
   STK=  110.26915
   DIP=   16.44159
  SLIP=  -87.98276
  
            X-DIR          Y-DIR          Z-DIR
  X:      -0.9114160     -0.2988627      0.2828462
  Y:       0.2655069      0.0980195      0.9591133
  Z:       0.3143676     -0.9492488      0.0000000
  T:       0.8322102      0.2806381      0.4781930
  P:      -0.4567267     -0.1420176      0.8781980
  
        TREND       PLUNGE
  X    198.14592    16.42609
  Y     20.26419    73.55841
  Z    288.31963     0.56725
  T     18.63617    28.56406
  P    197.26393    61.42417
  
  EIGENVALUE          AXES OF CRACK
        3   -0.4566697 -0.1421945  0.8781990
        1    0.3145666 -0.9491839  0.0098888
        1   -0.8321662 -0.2807680 -0.4781932
