DELTA  :   0.010000
DEPMAX :   23.465153
DEPMIN :   0.000000
NPTS   :   -0.171413
x[0] = 0.000000
x[1] = 0.000000
x[2] = 0.000000
x[3] = 0.000000
x[4] = 0.000000
x[5] = 0.000000
x[6] = 0.000000
x[7] = 0.000000
x[8] = 0.000000
x[9] = 0.000000
x[10] = 13.575525
x[11] = 23.465153
x[12] = 17.094118
x[13] = 12.452886
x[14] = 9.071796
x[15] = 6.608708
x[16] = 4.814374
x[17] = 3.507221
x[18] = 2.554974
x[19] = 1.861272
x[20] = 1.355917
x[21] = 0.987771
x[22] = 0.719581
x[23] = 0.524207
x[24] = 0.381879
x[25] = 0.278195
x[26] = 0.202662
x[27] = 0.147637
x[28] = 0.107552
x[29] = 0.078351
x[30] = 0.057078
x[31] = 0.041580
x[32] = 0.030291
x[33] = 0.022067
x[34] = 0.016075
x[35] = 0.011711
x[36] = 0.008531
x[37] = 0.006215
x[38] = 0.004527
x[39] = 0.003298
x[40] = 0.002403
x[41] = 0.001750
x[42] = 0.001275
x[43] = 0.000929
x[44] = 0.000677
x[45] = 0.000493
x[46] = 0.000359
x[47] = 0.000262
x[48] = 0.000191
x[49] = 0.000139
x[50] = 0.000101
x[51] = 0.000074
x[52] = 0.000054
x[53] = 0.000039
x[54] = 0.000028
x[55] = 0.000021
x[56] = 0.000015
x[57] = 0.000011
x[58] = 0.000008
x[59] = 0.000006
x[60] = 0.000004
x[61] = 0.000003
x[62] = 0.000002
x[63] = 0.000002
x[64] = 0.000001
x[65] = 0.000001
x[66] = 0.000001
x[67] = 0.000000
x[68] = 0.000000
x[69] = 0.000000
x[70] = 0.000000
x[71] = 0.000000
x[72] = 0.000000
x[73] = 0.000000
x[74] = 0.000000
x[75] = 0.000000
x[76] = 0.000000
x[77] = 0.000000
x[78] = 0.000000
x[79] = 0.000000
x[80] = 0.000000
x[81] = 0.000000
x[82] = 0.000000
x[83] = 0.000000
x[84] = 0.000000
x[85] = 0.000000
x[86] = 0.000000
x[87] = 0.000000
x[88] = 0.000000
x[89] = 0.000000
x[90] = 0.000000
x[91] = 0.000000
x[92] = 0.000000
x[93] = 0.000000
x[94] = 0.000000
x[95] = 0.000000
x[96] = 0.000000
x[97] = 0.000000
x[98] = 0.000000
x[99] = 0.000000
