  
  INPUT MOMENT TENSOR
  0.2640000E+22 -0.1950000E+21  0.1880000E+21
 -0.1950000E+21 -0.2190000E+22  0.1000000E+22
  0.1880000E+21  0.1000000E+22 -0.4540000E+21
  EIGENVALUES AND EIGENVECTOR OF M(i,j)
     1 -0.2658E+22  (-0.4818E-01,-0.9081E+00, 0.4160E+00)
     2 -0.8773E+18  ( 0.3379E-01,-0.4178E+00,-0.9079E+00)
     3  0.2655E+22  ( 0.9983E+00,-0.2969E-01, 0.5081E-01)
   EIGENVALUES               EIGENVECTORS
     1 -0.2658E+22  (-0.4818E-01,-0.9081E+00, 0.4160E+00)
     2 -0.8773E+18  ( 0.3379E-01,-0.4178E+00,-0.9079E+00)
     3  0.2655E+22  ( 0.9983E+00,-0.2969E-01, 0.5081E-01)
  
 Input: moment=sqrt(sum mij**2/2)=   2.6569299953141411E+021
      (|e1| + |e2|)/2=   2.65692956E+21
           0.26400E+22-0.19500E+21 0.18800E+21
          -0.19500E+21-0.21900E+22 0.10000E+22
           0.18800E+21 0.10000E+22-0.45400E+21
  SEISMIC MOMENT OF THE INPUT MOMENT TENSOR:   0.2656930E+22
  
  ISOTROPIC COMPONENT (TRACE OF MOMENT TENSOR):  -0.4000000E+19
  
  INPUT MOMENT TENSOR IS PARTIALLY DUE TO AN IMPLOSION
 Deviatoric: moment=sqrt(sum mij**2/2)=   2.6569294934817773E+021
      (|e1| + |e2|)/2=   2.65692956E+21
           0.26413E+22-0.19500E+21 0.18800E+21
          -0.19500E+21-0.21887E+22 0.10000E+22
           0.18800E+21 0.10000E+22-0.45267E+21
  EIGENVALUES OF THE PURELY DEVIATORIC MOMENT TENSOR
 -0.2657157E+22  0.4560318E+18  0.2656701E+22
  
  EPSILON    % OF CLVD     % OF DC
  0.000172    0.034325   99.965675
  
  --------------------------------------------------------------
  
  DECOMPOSITION INTO MAJOR AND MINOR DOUBLE COUPLE
  
  SEISMIC MOMENT OF ISOTROPIC PART, MAJOR, AND MINOR COUPLE
 -0.1333333E+19  0.2657157E+22  0.4560318E+18
  
  EIGENVALUES AND EIGENVECTORS OF THE MAJOR DC
     1 -0.2657E+22  (-0.4818E-01,-0.9081E+00, 0.4160E+00)
     2  0.0000E+00  ( 0.3379E-01,-0.4178E+00,-0.9079E+00)
     3  0.2657E+22  ( 0.9983E+00,-0.2969E-01, 0.5081E-01)

  NODAL PLANES 
   STK=  310.01280
   DIP=   75.03239
  SLIP=  -19.97365
   OR
   STK=   45.37540
   DIP=   70.73132
  SLIP= -164.12143
  
            X-DIR          Y-DIR          Z-DIR
  X:       0.6718097     -0.6631216      0.3300628
  Y:      -0.7399603     -0.6210337      0.2584103
  Z:      -0.0336227      0.4178359      0.9079002
  T:       0.9982722     -0.0297606      0.0506660
  P:      -0.0481897     -0.9080350      0.4161133
  
        TREND       PLUNGE
  X    315.37043    19.26868
  Y    220.00827    14.97161
  Z     94.59589    65.21539
  T    358.29230     2.89938
  P    266.96694    24.58584
  
  EIGENVALUES AND EIGENVECTORS OF THE MINOR DC
     1  0.0000E+00  (-0.4818E-01,-0.9081E+00, 0.4160E+00)
     2  0.4560E+18  ( 0.3379E-01,-0.4178E+00,-0.9079E+00)
     3 -0.4560E+18  ( 0.9983E+00,-0.2969E-01, 0.5081E-01)

  NODAL PLANES 
   STK=  246.55917
   DIP=   52.69091
  SLIP=   58.46007
   OR
   STK=  111.91825
   DIP=   47.32173
  SLIP=  124.46692
  
            X-DIR          Y-DIR          Z-DIR
  X:       0.6820325      0.2743423      0.6779144
  Y:      -0.7297333      0.3163620      0.6061390
  Z:      -0.0481768     -0.9081032      0.4159659
  T:      -0.0337295      0.4176910      0.9079629
  P:       0.9982692     -0.0297124      0.0507529
  
        TREND       PLUNGE
  X     21.91328    42.67827
  Y    156.56048    37.30794
  Z    266.96798    24.57655
  T     94.61204    65.22397
  P    358.29506     2.90437
  
  --------------------------------------------------------------
  
  DECOMPOSITION INTO THREE DOUBLE COUPLES
  
  SEISMIC MOMENTS OF ISOTROPIC PART, EMT1, EMT2, EMT3
 -0.1333333E+19  0.8858712E+21  0.8854151E+21  0.1771286E+22
  
  EMT1
 -0.1179840E-02 -0.5786706E-01 -0.1063188E-01
 -0.5786706E-01 -0.6500783E+00  0.7570787E+00
 -0.1063188E-01  0.7570787E+00  0.6512581E+00
  
  
  EIGENVALUES                EIGENVECTORS
 -0.1280064E+01   -0.0011798 -0.0578671 -0.0106319
 -0.1261255E-01   -0.0578671 -0.6500783  0.7570787
  0.1181112E+01   -0.0106319  0.7570787  0.6512581

  NODAL PLANES 
   STK=  358.07872
   DIP=   85.70876
  SLIP=  -92.92064
   OR
   STK=  212.36613
   DIP=    5.18931
  SLIP=  -55.82204
  
            X-DIR          Y-DIR          Z-DIR
  X:      -0.0336897     -0.9966278      0.0748194
  Y:      -0.0484003      0.0764010      0.9959017
  Z:       0.9982597     -0.0299304      0.0508110
  T:      -0.0104020      0.7587460      0.6513036
  P:      -0.0580464     -0.6506986      0.7571142
  
        TREND       PLUNGE
  X    268.06879     4.28612
  Y    122.35123    84.81069
  Z    358.28255     2.90771
  T     90.78052    40.63723
  P    264.90703    49.20820
  
  EMT2
  0.9953954E+00 -0.1552230E-01  0.8139815E-01
 -0.1552230E-01 -0.1736387E+00 -0.3808021E+00
  0.8139815E-01 -0.3808021E+00 -0.8217567E+00
  
  
  EIGENVALUES                EIGENVECTORS
 -0.1721630E+01    0.9953954 -0.0155223  0.0813982
  0.8531451E+00   -0.0155223 -0.1736387 -0.3808021
  0.1598067E+01    0.0813982 -0.3808021 -0.8217567

  NODAL PLANES 
   STK=  242.82180
   DIP=   59.44261
  SLIP=   49.91127
   OR
   STK=  121.69038
   DIP=   48.79169
  SLIP=  137.48538
  
            X-DIR          Y-DIR          Z-DIR
  X:       0.6401680      0.3951238      0.6588339
  Y:      -0.7660263      0.3932921      0.5084536
  Z:      -0.0582121     -0.8301798      0.5544482
  T:      -0.0889952      0.5574942      0.8253969
  P:       0.9943295      0.0000000      0.1063349
  
        TREND       PLUNGE
  X     31.68541    41.20831
  Y    152.82169    30.55760
  Z    265.99374    33.66961
  T     99.06538    55.62686
  P      0.07463     6.09945
  
  EMT3
  0.9942155E+00 -0.7338936E-01  0.7076627E-01
 -0.7338936E-01 -0.8237170E+00  0.3762767E+00
  0.7076627E-01  0.3762767E+00 -0.1704985E+00
  
  
  EIGENVALUES                EIGENVECTORS
 -0.1222735E+01    0.9942155 -0.0733894  0.0707663
  0.6290179E+00   -0.0733894 -0.8237170  0.3762767
  0.1005308E+01    0.0707663  0.3762767 -0.1704985

  NODAL PLANES 
   STK=  307.25244
   DIP=   86.14069
  SLIP=  169.63533
   OR
   STK=   37.95773
   DIP=   79.65909
  SLIP=    3.92314
  
            X-DIR          Y-DIR          Z-DIR
  X:      -0.7941963     -0.6039228      0.0673022
  Y:       0.6050524     -0.7756691      0.1795802
  Z:      -0.0562483      0.1833433      0.9814384
  T:      -0.1337449     -0.9755188      0.1745722
  P:       0.9894182     -0.1214430      0.0793925
  
        TREND       PLUNGE
  X    217.25214     3.85429
  Y    307.95276    10.34091
  Z    107.05159    78.94285
  T    262.19788    10.04935
  P    353.00203     4.54893
  
  --------------------------------------------------------------
  
  DECOMPOSITION INTO THREE VECTOR DIPOLES
  
  SEISMIC MOMENTS OF ISOTROPIC PART, EMT1, EMT2, EMT3
 -0.1333333E+19  0.4560318E+18  0.2656701E+22  0.2657157E+22
  
            DIPOLE AXES
  0.0337875 -0.4177561 -0.9079308
  0.9982670 -0.0296887  0.0508095
 -0.0481812 -0.9080740  0.4160290
  
  --------------------------------------------------------------
  
  DECOMPOSITION INTO THREE COMPENSATED LINEAR VECTOR DIPOLES
  
  SEISMIC MOMENTS OF ISOTROPIC PART, EMT1, EMT2, EMT3
 -0.1333333E+19  0.5065103E+18  0.1533077E+22  0.1534880E+22
  
  EIGENVALUE          AXES OF CLVD
       -1   -0.0481812 -0.9080740  0.4160290
        2    0.0337875 -0.4177561 -0.9079308
       -1    0.9982670 -0.0296887  0.0508095
  
  EIGENVALUE          AXES OF CLVD
       -1   -0.0481812 -0.9080740  0.4160290
       -1    0.0337875 -0.4177561 -0.9079308
        2    0.9982670 -0.0296887  0.0508095
  
  EIGENVALUE          AXES OF CLVD
        2   -0.0481812 -0.9080740  0.4160290
       -1    0.0337875 -0.4177561 -0.9079308
       -1    0.9982670 -0.0296887  0.0508095
  
  --------------------------------------------------------------
  
  DECOMPOSITION INTO A DOUBLE COUPLE AND A CLVD
  
  SEISMIC MOMENTS OF ISOTROPIC PART, DC, CLVD
 -0.1333333E+19  0.2656245E+22  0.4560318E+18
 Isotropic: moment=sqrt(sum mij**2/2)=   1.6329931618560940E+018
      (|e1| + |e2|)/2=   1.33333350E+18
          -0.13333E+19 0.00000E+00 0.00000E+00
           0.00000E+00-0.13333E+19 0.00000E+00
           0.00000E+00 0.00000E+00-0.13333E+19
 Double couple: moment=sqrt(sum mij**2/2)=   2.6571574800239496E+021
      (|e1| + |e2|)/2=   2.65715756E+21
           0.26418E+22-0.19501E+21 0.18804E+21
          -0.19501E+21-0.21887E+22 0.99983E+21
           0.18804E+21 0.99983E+21-0.45304E+21
  
  EIGENVALUES AND EIGENVECTORS OF THE DC
 -0.2657157E+22   -0.0481812 -0.9080740  0.4160290
  0.0000000E+00    0.0337875 -0.4177561 -0.9079308
  0.2657157E+22    0.9982670 -0.0296887  0.0508095

  NODAL PLANES 
   STK=  310.01280
   DIP=   75.03239
  SLIP=  -19.97365
   OR
   STK=   45.37540
   DIP=   70.73132
  SLIP= -164.12143
  
            X-DIR          Y-DIR          Z-DIR
  X:       0.6718097     -0.6631216      0.3300628
  Y:      -0.7399603     -0.6210337      0.2584103
  Z:      -0.0336227      0.4178359      0.9079002
  T:       0.9982722     -0.0297606      0.0506660
  P:      -0.0481897     -0.9080350      0.4161133
  
        TREND       PLUNGE
  X    315.37043    19.26868
  Y    220.00827    14.97161
  Z     94.59589    65.21539
  T    358.29230     2.89938
  P    266.96694    24.58584
  
 CLVD: moment=sqrt(sum mij**2/2)=   7.8987022816251379E+017
      (|e1| + |e2|)/2=   6.84047690E+17
          -0.45286E+18 0.59857E+17-0.27423E+17
           0.59857E+17 0.67210E+18-0.51685E+18
          -0.27423E+17-0.51685E+18-0.21924E+18
  EIGENVALUE          AXES OF CLVD
  0.9120636E+18   -0.0481812 -0.9080740  0.4160290
 -0.4560318E+18    0.0337875 -0.4177561 -0.9079308
 -0.4560318E+18    0.9982670 -0.0296887  0.0508095
 Original moment tensor
           0.26400E+22-0.19495E+21 0.18801E+21
          -0.19495E+21-0.21894E+22 0.99931E+21
           0.18801E+21 0.99931E+21-0.45459E+21
  
  --------------------------------------------------------------
 EVD:  -2.6571574800239496E+021   4.5603178885449856E+017   2.6567014482350954E+021
 EVP:   4.5603178885449856E+017   2.6567014482350954E+021   2.6571574800239496E+021
  
  DECOMPOSITION INTO A DOUBLE COUPLE AND A CRACK
  
  SEISMIC MOMENTS OF ISOTROPIC PART, DC, CRACK
 -0.2473413E+19  0.2656245E+22  0.6840477E+18
  
  EIGENVALUES AND EIGENVECTORS OF THE DC
 -0.2657157E+22   -0.0481812 -0.9080740  0.4160290
  0.0000000E+00    0.0337875 -0.4177561 -0.9079308
  0.2657157E+22    0.9982670 -0.0296887  0.0508095

  NODAL PLANES 
   STK=  310.01280
   DIP=   75.03239
  SLIP=  -19.97365
   OR
   STK=   45.37540
   DIP=   70.73132
  SLIP= -164.12143
  
            X-DIR          Y-DIR          Z-DIR
  X:       0.6718097     -0.6631216      0.3300628
  Y:      -0.7399603     -0.6210337      0.2584103
  Z:      -0.0336227      0.4178359      0.9079002
  T:       0.9982722     -0.0297606      0.0506660
  P:      -0.0481897     -0.9080350      0.4161133
  
        TREND       PLUNGE
  X    315.37043    19.26868
  Y    220.00827    14.97161
  Z     94.59589    65.21539
  T    358.29230     2.89938
  P    266.96694    24.58584
  
  EIGENVALUE          AXES OF CRACK
        3   -0.0481812 -0.9080740  0.4160290
        1    0.0337875 -0.4177561 -0.9079308
        1    0.9982670 -0.0296887  0.0508095
