  
  INPUT MOMENT TENSOR
  0.3547503E+22 -0.1525908E+22  0.2660663E+22
 -0.1525908E+22  0.6743559E+22  0.2270451E+22
  0.2660663E+22  0.2270451E+22 -0.1029106E+23
  EIGENVALUES AND EIGENVECTOR OF M(i,j)
     1 -0.1114E+23  (-0.1905E+00,-0.1396E+00, 0.9717E+00)
     2  0.3702E+22  (-0.9278E+00,-0.2977E+00,-0.2247E+00)
     3  0.7437E+22  ( 0.3207E+00,-0.9444E+00,-0.7282E-01)
   EIGENVALUES               EIGENVECTORS
     1 -0.1114E+23  (-0.1905E+00,-0.1396E+00, 0.9717E+00)
     2  0.3702E+22  (-0.9278E+00,-0.2977E+00,-0.2247E+00)
     3  0.7437E+22  ( 0.3207E+00,-0.9444E+00,-0.7282E-01)
  
 Input: moment=sqrt(sum mij**2/2)=   9.8257626314693264E+021
      (|e1| + |e2|)/2=   9.28792832E+21
           0.35475E+22-0.15259E+22 0.26607E+22
          -0.15259E+22 0.67436E+22 0.22705E+22
           0.26607E+22 0.22705E+22-0.10291E+23
  SEISMIC MOMENT OF THE INPUT MOMENT TENSOR:   0.9825763E+22
  
  ISOTROPIC COMPONENT (TRACE OF MOMENT TENSOR):   0.2000000E+16
  
  INPUT MOMENT TENSOR IS PARTIALLY DUE TO AN EXPLOSION
 Deviatoric: moment=sqrt(sum mij**2/2)=   9.8257626314692887E+021
      (|e1| + |e2|)/2=   9.28792889E+21
           0.35475E+22-0.15259E+22 0.26607E+22
          -0.15259E+22 0.67436E+22 0.22705E+22
           0.26607E+22 0.22705E+22-0.10291E+23
  EIGENVALUES OF THE PURELY DEVIATORIC MOMENT TENSOR
 -0.1113905E+23  0.3702252E+22  0.7436802E+22
  
  SORTED EIGENVALUES
  0.3702252E+22  0.7436802E+22  0.1113905E+23
  EPSILON    % OF CLVD     % OF DC
  0.332367   66.473367   33.526633
  LUNE PARAMETERS
  beta:   90.00 gamma:  19.04
  
  --------------------------------------------------------------
  
  DECOMPOSITION INTO MAJOR AND MINOR DOUBLE COUPLE
  
  SEISMIC MOMENT OF ISOTROPIC PART, MAJOR, AND MINOR COUPLE
  0.6666667E+15  0.1113905E+23  0.3702252E+22
  
  EIGENVALUES AND EIGENVECTORS OF THE MAJOR DC
     1 -0.1114E+23  (-0.1905E+00,-0.1396E+00, 0.9717E+00)
     2  0.0000E+00  (-0.9278E+00,-0.2977E+00,-0.2247E+00)
     3  0.1114E+23  ( 0.3207E+00,-0.9444E+00,-0.7282E-01)

  NODAL PLANES 
   STK=    6.85065
   DIP=   50.53170
  SLIP= -106.92632
   OR
   STK=  212.43394
   DIP=   42.39329
  SLIP=  -70.52734
  
            X-DIR          Y-DIR          Z-DIR
  X:       0.0918767     -0.7665258      0.6356075
  Y:      -0.3614674      0.5690938      0.7385618
  Z:       0.9278470      0.2976080      0.2247877
  T:      -0.3205627      0.9444256      0.0727997
  P:      -0.1906295     -0.1396055      0.9716845
  
        TREND       PLUNGE
  X    276.83034    39.46227
  Y    122.42897    47.60671
  Z     17.78469    12.98614
  T    108.75455     4.17007
  P    216.20886    76.33203
  
  EIGENVALUES AND EIGENVECTORS OF THE MINOR DC
     1  0.0000E+00  (-0.1905E+00,-0.1396E+00, 0.9717E+00)
     2  0.3702E+22  (-0.9278E+00,-0.2977E+00,-0.2247E+00)
     3 -0.3702E+22  ( 0.3207E+00,-0.9444E+00,-0.7282E-01)

  NODAL PLANES 
   STK=   62.62333
   DIP=   83.83365
  SLIP=  167.78861
   OR
   STK=  153.95502
   DIP=   77.86034
  SLIP=    6.30796
  
            X-DIR          Y-DIR          Z-DIR
  X:       0.8827948     -0.4573149      0.1074079
  Y:       0.4293813      0.8782805      0.2103687
  Z:      -0.1905390     -0.1395935      0.9717040
  T:       0.9278486      0.2976676      0.2247020
  P:      -0.3206117      0.9444086      0.0728043
  
        TREND       PLUNGE
  X    332.61294     6.16128
  Y     63.95005    12.13966
  Z    216.21947    76.33675
  T     17.78799    12.98110
  P    108.75754     4.17034
  
  --------------------------------------------------------------
  
  DECOMPOSITION INTO THREE DOUBLE COUPLES
  
  SEISMIC MOMENTS OF ISOTROPIC PART, EMT1, EMT2, EMT3
  0.6666667E+15  0.4947102E+22  0.1244850E+22  0.6191952E+22
  
  EMT1
  0.8245392E+00  0.2496496E+00  0.3936531E+00
  0.2496496E+00  0.6915690E-01  0.2025888E+00
  0.3936531E+00  0.2025888E+00 -0.8936961E+00
  
  
  EIGENVALUES                EIGENVECTORS
 -0.1000000E+01    0.8245392  0.2496496  0.3936531
  0.2214166E-15    0.2496496  0.0691569  0.2025888
  0.1000000E+01    0.3936531  0.2025888 -0.8936961

  NODAL PLANES 
   STK=  290.24548
   DIP=   69.85222
  SLIP=   94.54611
   OR
   STK=   97.24697
   DIP=   20.63348
  SLIP=   77.80955
  
            X-DIR          Y-DIR          Z-DIR
  X:      -0.8808199     -0.3248569      0.3444189
  Y:       0.3495593      0.0444175      0.9358608
  Z:      -0.3193190      0.9447196      0.0744329
  T:      -0.3756579     -0.1983006      0.9052944
  P:       0.8700095      0.2611164      0.4182126
  
        TREND       PLUNGE
  X    200.23576    20.14247
  Y      7.24200    69.36652
  Z    108.68146     4.26391
  T    207.82007    64.86158
  P     16.70703    24.71819
  
  EMT2
 -0.7579984E+00 -0.5791156E+00 -0.2318551E+00
 -0.5791156E+00  0.8031968E+00  0.1856148E-02
 -0.2318551E+00  0.1856148E-02 -0.4519844E-01
  
  
  EIGENVALUES                EIGENVECTORS
 -0.1000000E+01   -0.7579984 -0.5791156 -0.2318551
  0.0000000E+00   -0.5791156  0.8031968  0.0018561
  0.1000000E+01   -0.2318551  0.0018561 -0.0451984

  NODAL PLANES 
   STK=  200.68289
   DIP=   73.73549
  SLIP= -171.20124
   OR
   STK=  108.20060
   DIP=   81.55600
  SLIP=  -16.44778
  
            X-DIR          Y-DIR          Z-DIR
  X:      -0.3389868      0.8981413      0.2800538
  Y:       0.9396922      0.3088575      0.1469204
  Z:      -0.0454585     -0.3129685      0.9486750
  T:      -0.9041626      0.4166866      0.0941396
  P:       0.4247628      0.8534771      0.3019164
  
        TREND       PLUNGE
  X    110.68420    16.25935
  Y     18.19564     8.44400
  Z    261.73019    71.56253
  T    155.26579     5.39713
  P     63.54466    17.56874
  
  EMT3
  0.6654076E-01 -0.3294660E+00  0.1617980E+00
 -0.3294660E+00  0.8723537E+00  0.2044449E+00
  0.1617980E+00  0.2044449E+00 -0.9388945E+00
  
  
  EIGENVALUES                EIGENVECTORS
 -0.1000000E+01    0.0665408 -0.3294660  0.1617980
  0.0000000E+00   -0.3294660  0.8723537  0.2044449
  0.1000000E+01    0.1617980  0.2044449 -0.9388945

  NODAL PLANES 
   STK=  210.38545
   DIP=   46.13118
  SLIP=  112.79661
   OR
   STK=  359.14977
   DIP=   48.34730
  SLIP=   68.04710
  
            X-DIR          Y-DIR          Z-DIR
  X:      -0.3645015      0.6220461      0.6929627
  Y:      -0.0113453     -0.7470700      0.6646485
  Z:       0.9311337      0.2344036      0.2793654
  T:      -0.2657638     -0.0884052      0.9599761
  P:      -0.2497192      0.9681113      0.0200211
  
        TREND       PLUNGE
  X    120.37575    43.86254
  Y    269.12494    41.65270
  Z     14.13081    16.21826
  T    198.39057    73.73401
  P    104.46962     1.14230
  
  --------------------------------------------------------------
  
  DECOMPOSITION INTO THREE VECTOR DIPOLES
  
  SEISMIC MOMENTS OF ISOTROPIC PART, EMT1, EMT2, EMT3
  0.6666667E+15  0.3702252E+22  0.7436802E+22  0.1113905E+23
  
            DIPOLE AXES
 -0.9278178 -0.2977471 -0.2247238
  0.3206984 -0.9443782 -0.0728172
 -0.1905432 -0.1396297  0.9716979
  
  --------------------------------------------------------------
  
  DECOMPOSITION INTO THREE COMPENSATED LINEAR VECTOR DIPOLES
  
  SEISMIC MOMENTS OF ISOTROPIC PART, EMT1, EMT2, EMT3
  0.6666667E+15  0.2137497E+22  0.4293640E+22  0.6431135E+22
  
  EIGENVALUE          AXES OF CLVD
       -1   -0.1905432 -0.1396297  0.9716979
        2   -0.9278178 -0.2977471 -0.2247238
       -1    0.3206984 -0.9443782 -0.0728172
  
  EIGENVALUE          AXES OF CLVD
       -1   -0.1905432 -0.1396297  0.9716979
       -1   -0.9278178 -0.2977471 -0.2247238
        2    0.3206984 -0.9443782 -0.0728172
  
  EIGENVALUE          AXES OF CLVD
        2   -0.1905432 -0.1396297  0.9716979
       -1   -0.9278178 -0.2977471 -0.2247238
       -1    0.3206984 -0.9443782 -0.0728172
  
  --------------------------------------------------------------
  
  DECOMPOSITION INTO A DOUBLE COUPLE AND A CLVD
  
  SEISMIC MOMENTS OF ISOTROPIC PART, DC, CLVD
  0.6666667E+15  0.3734550E+22  0.3702252E+22
 Isotropic: moment=sqrt(sum mij**2/2)=   816496582292228.88     
      (|e1| + |e2|)/2=   6.66666569E+14
           0.66667E+15 0.00000E+00 0.00000E+00
           0.00000E+00 0.66667E+15 0.00000E+00
           0.00000E+00 0.00000E+00 0.66667E+15
 Double couple: moment=sqrt(sum mij**2/2)=   1.1139054157747248E+022
      (|e1| + |e2|)/2=   1.11390547E+22
           0.74120E+21-0.36699E+22 0.18023E+22
          -0.36699E+22 0.97172E+22 0.22773E+22
           0.18023E+22 0.22773E+22-0.10458E+23
  
  EIGENVALUES AND EIGENVECTORS OF THE DC
 -0.1113905E+23   -0.1905432 -0.1396297  0.9716979
  0.0000000E+00   -0.9278178 -0.2977471 -0.2247238
  0.1113905E+23    0.3206984 -0.9443782 -0.0728172

  NODAL PLANES 
   STK=    6.85065
   DIP=   50.53170
  SLIP= -106.92632
   OR
   STK=  212.43394
   DIP=   42.39329
  SLIP=  -70.52734
  
            X-DIR          Y-DIR          Z-DIR
  X:       0.0918767     -0.7665258      0.6356075
  Y:      -0.3614674      0.5690938      0.7385618
  Z:       0.9278470      0.2976080      0.2247877
  T:      -0.3205627      0.9444256      0.0727997
  P:      -0.1906295     -0.1396055      0.9716845
  
        TREND       PLUNGE
  X    276.83034    39.46227
  Y    122.42897    47.60671
  Z     17.78469    12.98614
  T    108.75455     4.17007
  P    216.20886    76.33203
  
 CLVD: moment=sqrt(sum mij**2/2)=   6.4124888340883728E+021
      (|e1| + |e2|)/2=   5.55337857E+21
          -0.32990E+22 0.29550E+21-0.20564E+22
           0.29550E+21-0.34857E+22-0.15069E+22
          -0.20564E+22-0.15069E+22 0.67847E+22
  EIGENVALUE          AXES OF CLVD
  0.7404504E+22   -0.1905432 -0.1396297  0.9716979
 -0.3702252E+22   -0.9278178 -0.2977471 -0.2247238
 -0.3702252E+22    0.3206984 -0.9443782 -0.0728172
 Original moment tensor
          -0.25578E+22-0.33744E+22-0.25414E+21
          -0.33744E+22 0.62315E+22 0.77038E+21
          -0.25414E+21 0.77038E+21-0.36737E+22
  
  --------------------------------------------------------------
 EVD:  -1.1139054157747251E+022   3.7022521545363927E+021   7.4368020032108584E+021
 EVP:   3.7022521545363927E+021   7.4368020032108584E+021   1.1139054157747251E+022
  
  DECOMPOSITION INTO A DOUBLE COUPLE AND A CRACK
  
  SEISMIC MOMENTS OF ISOTROPIC PART, DC, CRACK
 -0.9255630E+22  0.3734550E+22  0.5553378E+22
  
  EIGENVALUES AND EIGENVECTORS OF THE DC
 -0.1113905E+23   -0.1905432 -0.1396297  0.9716979
  0.0000000E+00   -0.9278178 -0.2977471 -0.2247238
  0.1113905E+23    0.3206984 -0.9443782 -0.0728172

  NODAL PLANES 
   STK=    6.85065
   DIP=   50.53170
  SLIP= -106.92632
   OR
   STK=  212.43394
   DIP=   42.39329
  SLIP=  -70.52734
  
            X-DIR          Y-DIR          Z-DIR
  X:       0.0918767     -0.7665258      0.6356075
  Y:      -0.3614674      0.5690938      0.7385618
  Z:       0.9278470      0.2976080      0.2247877
  T:      -0.3205627      0.9444256      0.0727997
  P:      -0.1906295     -0.1396055      0.9716845
  
        TREND       PLUNGE
  X    276.83034    39.46227
  Y    122.42897    47.60671
  Z     17.78469    12.98614
  T    108.75455     4.17007
  P    216.20886    76.33203
  
  EIGENVALUE          AXES OF CRACK
        3   -0.1905432 -0.1396297  0.9716979
        1   -0.9278178 -0.2977471 -0.2247238
        1    0.3206984 -0.9443782 -0.0728172
