  
  INPUT MOMENT TENSOR
 -0.2010000E+21  0.6170000E+21 -0.6620000E+22
  0.6170000E+21 -0.5300000E+21  0.3040000E+22
 -0.6620000E+22  0.3040000E+22  0.7310000E+21
  EIGENVALUES AND EIGENVECTOR OF M(i,j)
     1 -0.7339E+22  ( 0.6514E+00,-0.3577E+00, 0.6691E+00)
     2 -0.9296E+18  ( 0.4228E+00, 0.9034E+00, 0.7142E-01)
     3  0.7340E+22  (-0.6300E+00, 0.2363E+00, 0.7397E+00)
   EIGENVALUES               EIGENVECTORS
     1 -0.7339E+22  ( 0.6514E+00,-0.3577E+00, 0.6691E+00)
     2 -0.9296E+18  ( 0.4228E+00, 0.9034E+00, 0.7142E-01)
     3  0.7340E+22  (-0.6300E+00, 0.2363E+00, 0.7397E+00)
  
 Input: moment=sqrt(sum mij**2/2)=   7.3399264301490131E+021
      (|e1| + |e2|)/2=   7.33992614E+21
          -0.20100E+21 0.61700E+21-0.66200E+22
           0.61700E+21-0.53000E+21 0.30400E+22
          -0.66200E+22 0.30400E+22 0.73100E+21
  SEISMIC MOMENT OF THE INPUT MOMENT TENSOR:   0.7339926E+22
  
  ISOTROPIC COMPONENT (TRACE OF MOMENT TENSOR):  -0.4194304E+07
  
  INPUT MOMENT TENSOR IS PURELY DEVIATORIC
 Deviatoric: moment=sqrt(sum mij**2/2)=   7.3399264301490131E+021
      (|e1| + |e2|)/2=   7.33992614E+21
          -0.20100E+21 0.61700E+21-0.66200E+22
           0.61700E+21-0.53000E+21 0.30400E+22
          -0.66200E+22 0.30400E+22 0.73100E+21
  EIGENVALUES OF THE PURELY DEVIATORIC MOMENT TENSOR
 -0.7339462E+22 -0.9295706E+18  0.7340391E+22
  
  SORTED EIGENVALUES
  0.9295706E+18  0.7339462E+22  0.7340391E+22
  EPSILON    % OF CLVD     % OF DC
  0.000127    0.025328   99.974672
  LUNE PARAMETERS
  beta:   90.00 gamma:  -0.01
  
  --------------------------------------------------------------
  
  DECOMPOSITION INTO MAJOR AND MINOR DOUBLE COUPLE
  
  SEISMIC MOMENT OF ISOTROPIC PART, MAJOR, AND MINOR COUPLE
 -0.1398101E+07  0.7340391E+22  0.9295706E+18
  
  EIGENVALUES AND EIGENVECTORS OF THE MAJOR DC
     1 -0.7340E+22  ( 0.6514E+00,-0.3577E+00, 0.6691E+00)
     2  0.0000E+00  ( 0.4228E+00, 0.9034E+00, 0.7142E-01)
     3  0.7340E+22  (-0.6300E+00, 0.2363E+00, 0.7397E+00)

  NODAL PLANES 
   STK=  245.13105
   DIP=   87.13642
  SLIP=   94.10645
   OR
   STK=    9.96334
   DIP=    5.00490
  SLIP=   34.93496
  
            X-DIR          Y-DIR          Z-DIR
  X:      -0.9061494      0.4199975      0.0499530
  Y:       0.0150926     -0.0859206      0.9961877
  Z:       0.4226884      0.9034488      0.0715180
  T:      -0.6300723      0.2362281      0.7397332
  P:       0.6514165     -0.3577381      0.6690890
  
        TREND       PLUNGE
  X    155.14098     2.85848
  Y    279.95837    84.99510
  Z     64.93053     4.09644
  T    159.45666    47.70636
  P    331.22416    41.99414
  
  EIGENVALUES AND EIGENVECTORS OF THE MINOR DC
     1  0.9296E+18  ( 0.6514E+00,-0.3577E+00, 0.6691E+00)
     2 -0.9296E+18  ( 0.4228E+00, 0.9034E+00, 0.7142E-01)
     3  0.0000E+00  (-0.6300E+00, 0.2363E+00, 0.7397E+00)

  NODAL PLANES 
   STK=   10.27906
   DIP=   64.99975
  SLIP=  144.71092
   OR
   STK=  116.93163
   DIP=   58.42765
  SLIP=   29.73883
  
            X-DIR          Y-DIR          Z-DIR
  X:       0.1616200     -0.8917958      0.4225864
  Y:       0.7595977      0.3857857      0.5236227
  Z:      -0.6299923      0.2363678      0.7397567
  T:       0.6513993     -0.3578032      0.6690709
  P:       0.4228341      0.9033865      0.0714434
  
        TREND       PLUNGE
  X    280.26781    24.99440
  Y     26.92666    31.57235
  Z    159.44313    47.70836
  T    331.21913    41.99275
  P     64.92143     4.09216
  
  --------------------------------------------------------------
  
  DECOMPOSITION INTO THREE DOUBLE COUPLES
  
  SEISMIC MOMENTS OF ISOTROPIC PART, EMT1, EMT2, EMT3
 -0.1398101E+07  0.2446177E+22  0.2447107E+22  0.4893284E+22
  
  EMT1
 -0.2456161E+00  0.6149646E+00 -0.4056621E+00
  0.6149646E+00  0.6881990E+00  0.3038822E+00
 -0.4056621E+00  0.3038822E+00 -0.4425829E+00
  
  
  EIGENVALUES                EIGENVECTORS
 -0.1000000E+01   -0.2456161  0.6149646 -0.4056621
 -0.2220446E-15    0.6149646  0.6881990  0.3038822
  0.1000000E+01   -0.4056621  0.3038822 -0.4425829

  NODAL PLANES 
   STK=  129.41093
   DIP=   85.69222
  SLIP=   26.02259
   OR
   STK=   37.31070
   DIP=   64.05641
  SLIP=  175.20839
  
            X-DIR          Y-DIR          Z-DIR
  X:       0.5450116     -0.7152061      0.4375416
  Y:       0.7703940      0.6331103      0.0752630
  Z:      -0.3308406      0.2960602      0.8960429
  T:       0.9301322     -0.0580505      0.3626076
  P:      -0.1593694     -0.9534037      0.2561696
  
        TREND       PLUNGE
  X    307.30574    25.94359
  Y     39.41556     4.31160
  Z    138.18314    63.64125
  T    356.42855    21.25663
  P    260.50478    14.83876
  
  EMT2
  0.2182023E+00 -0.5308313E+00 -0.4962485E+00
 -0.5308313E+00 -0.7603151E+00  0.1103032E+00
 -0.4962485E+00  0.1103032E+00  0.5421128E+00
  
  
  EIGENVALUES                EIGENVECTORS
 -0.1000000E+01    0.2182023 -0.5308313 -0.4962485
  0.6661338E-15   -0.5308313 -0.7603151  0.1103032
  0.1000000E+01   -0.4962485  0.1103032  0.5421128

  NODAL PLANES 
   STK=  321.70488
   DIP=   86.68113
  SLIP=   34.49531
   OR
   STK=  229.42676
   DIP=   55.57070
  SLIP=  175.97521
  
            X-DIR          Y-DIR          Z-DIR
  X:      -0.6263746      0.5366007      0.5654331
  Y:      -0.6187633     -0.7834312      0.0580301
  Z:       0.4741169     -0.3135206      0.8227502
  T:      -0.8804455     -0.1745355      0.4408551
  P:       0.0000000      0.9334036      0.3587881
  
        TREND       PLUNGE
  X    139.42179    34.42930
  Y    231.69082     3.32197
  Z    326.52257    55.35915
  T    191.20337    26.15493
  P     90.33535    21.02198
  
  EMT3
 -0.2741384E-01  0.8413334E-01 -0.9019107E+00
  0.8413334E-01 -0.7211608E-01  0.4141853E+00
 -0.9019107E+00  0.4141853E+00  0.9952993E-01
  
  
  EIGENVALUES                EIGENVECTORS
 -0.1000000E+01   -0.0274138  0.0841333 -0.9019107
  0.5248067E-16    0.0841333 -0.0721161  0.4141853
  0.1000000E+01   -0.9019107  0.4141853  0.0995299

  NODAL PLANES 
   STK=   51.49723
   DIP=   58.82898
  SLIP= -112.14265
   OR
   STK=  269.67116
   DIP=   37.57815
  SLIP=  -58.07421
  
            X-DIR          Y-DIR          Z-DIR
  X:       0.6694509     -0.5328936      0.5175519
  Y:      -0.6098033      0.0000000      0.7925444
  Z:       0.4242352      0.8461744      0.3225112
  T:      -0.9045693      0.3793995      0.1944490
  P:       0.0421772     -0.3742258      0.9263780
  
        TREND       PLUNGE
  X    321.47753    31.16493
  Y    179.66619    52.42185
  Z     63.37630    18.81093
  T    157.25426    11.20819
  P    276.42579    67.87585
  
  --------------------------------------------------------------
  
  DECOMPOSITION INTO THREE VECTOR DIPOLES
  
  SEISMIC MOMENTS OF ISOTROPIC PART, EMT1, EMT2, EMT3
 -0.1398101E+07  0.9295706E+18  0.7339462E+22  0.7340391E+22
  
            DIPOLE AXES
  0.4227614  0.9034220  0.0714244
  0.6514164 -0.3577323  0.6690922
 -0.6300234  0.2363393  0.7397393
  
  --------------------------------------------------------------
  
  DECOMPOSITION INTO THREE COMPENSATED LINEAR VECTOR DIPOLES
  
  SEISMIC MOMENTS OF ISOTROPIC PART, EMT1, EMT2, EMT3
 -0.1398101E+07  0.5366878E+18  0.4237440E+22  0.4237977E+22
  
  EIGENVALUE          AXES OF CLVD
       -1    0.6514164 -0.3577323  0.6690922
        2    0.4227614  0.9034220  0.0714244
       -1   -0.6300234  0.2363393  0.7397393
  
  EIGENVALUE          AXES OF CLVD
        2    0.6514164 -0.3577323  0.6690922
       -1    0.4227614  0.9034220  0.0714244
       -1   -0.6300234  0.2363393  0.7397393
  
  EIGENVALUE          AXES OF CLVD
       -1    0.6514164 -0.3577323  0.6690922
       -1    0.4227614  0.9034220  0.0714244
        2   -0.6300234  0.2363393  0.7397393
  
  --------------------------------------------------------------
  
  DECOMPOSITION INTO A DOUBLE COUPLE AND A CLVD
  
  SEISMIC MOMENTS OF ISOTROPIC PART, DC, CLVD
 -0.1398101E+07  0.7338532E+22  0.9295706E+18
 Isotropic: moment=sqrt(sum mij**2/2)=   1712317.4376857425     
      (|e1| + |e2|)/2=   1398101.25    
          -0.13981E+07 0.00000E+00 0.00000E+00
           0.00000E+00-0.13981E+07 0.00000E+00
           0.00000E+00 0.00000E+00-0.13981E+07
 Double couple: moment=sqrt(sum mij**2/2)=   7.3403911713195295E+021
      (|e1| + |e2|)/2=   7.34039114E+21
          -0.20123E+21 0.61757E+21-0.66204E+22
           0.61757E+21-0.52936E+21 0.30403E+22
          -0.66204E+22 0.30403E+22 0.73059E+21
  
  EIGENVALUES AND EIGENVECTORS OF THE DC
 -0.7340391E+22    0.6514164 -0.3577323  0.6690922
  0.0000000E+00    0.4227614  0.9034220  0.0714244
  0.7340391E+22   -0.6300234  0.2363393  0.7397393

  NODAL PLANES 
   STK=  245.13105
   DIP=   87.13642
  SLIP=   94.10645
   OR
   STK=    9.96334
   DIP=    5.00490
  SLIP=   34.93496
  
            X-DIR          Y-DIR          Z-DIR
  X:      -0.9061494      0.4199975      0.0499530
  Y:       0.0150926     -0.0859206      0.9961877
  Z:       0.4226884      0.9034488      0.0715180
  T:      -0.6300723      0.2362281      0.7397332
  P:       0.6514165     -0.3577381      0.6690890
  
        TREND       PLUNGE
  X    155.14098     2.85848
  Y    279.95837    84.99510
  Z     64.93053     4.09644
  T    159.45666    47.70636
  P    331.22416    41.99414
  
 CLVD: moment=sqrt(sum mij**2/2)=   1.6100635702184520E+018
      (|e1| + |e2|)/2=   1.39435598E+18
           0.17735E+18-0.41524E+18-0.12997E+19
          -0.41524E+18-0.77380E+18 0.48755E+18
          -0.12997E+19 0.48755E+18 0.59645E+18
  EIGENVALUE          AXES OF CLVD
 -0.9295706E+18    0.6514164 -0.3577323  0.6690922
 -0.9295706E+18    0.4227614  0.9034220  0.0714244
  0.1859141E+19   -0.6300234  0.2363393  0.7397393
 Original moment tensor
          -0.20105E+21 0.61716E+21-0.66217E+22
           0.61716E+21-0.53013E+21 0.30408E+22
          -0.66217E+22 0.30408E+22 0.73119E+21
  
  --------------------------------------------------------------
 EVD:  -7.3394616006838510E+021  -9.2957063567803290E+017   7.3403911713195253E+021
 EVP:   9.2957063567803290E+017   7.3394616006838510E+021   7.3403911713195253E+021
  
  DECOMPOSITION INTO A DOUBLE COUPLE AND A CRACK
  
  SEISMIC MOMENTS OF ISOTROPIC PART, DC, CRACK
 -0.2323927E+19  0.7338532E+22  0.1394356E+19
  
  EIGENVALUES AND EIGENVECTORS OF THE DC
 -0.7340391E+22    0.6514164 -0.3577323  0.6690922
  0.0000000E+00    0.4227614  0.9034220  0.0714244
  0.7340391E+22   -0.6300234  0.2363393  0.7397393

  NODAL PLANES 
   STK=  245.13105
   DIP=   87.13642
  SLIP=   94.10645
   OR
   STK=    9.96334
   DIP=    5.00490
  SLIP=   34.93496
  
            X-DIR          Y-DIR          Z-DIR
  X:      -0.9061494      0.4199975      0.0499530
  Y:       0.0150926     -0.0859206      0.9961877
  Z:       0.4226884      0.9034488      0.0715180
  T:      -0.6300723      0.2362281      0.7397332
  P:       0.6514165     -0.3577381      0.6690890
  
        TREND       PLUNGE
  X    155.14098     2.85848
  Y    279.95837    84.99510
  Z     64.93053     4.09644
  T    159.45666    47.70636
  P    331.22416    41.99414
  
  EIGENVALUE          AXES OF CRACK
        1    0.6514164 -0.3577323  0.6690922
        1    0.4227614  0.9034220  0.0714244
        3   -0.6300234  0.2363393  0.7397393
