  
  INPUT MOMENT TENSOR
 -0.4850000E+22  0.1110000E+21 -0.1370000E+22
  0.1110000E+21 -0.4800000E+22  0.3310000E+22
 -0.1370000E+22  0.3310000E+22 -0.1830000E+23
  EIGENVALUES AND EIGENVECTOR OF M(i,j)
     1 -0.1920E+23  ( 0.9436E-01,-0.2238E+00, 0.9701E+00)
     2 -0.4775E+22  ( 0.9611E+00, 0.2745E+00,-0.3018E-01)
     3 -0.3978E+22  ( 0.2595E+00,-0.9352E+00,-0.2410E+00)
   EIGENVALUES               EIGENVECTORS
     1 -0.1920E+23  ( 0.9436E-01,-0.2238E+00, 0.9701E+00)
     2 -0.4775E+22  ( 0.9611E+00, 0.2745E+00,-0.3018E-01)
     3 -0.3978E+22  ( 0.2595E+00,-0.9352E+00,-0.2410E+00)
  
 Input: moment=sqrt(sum mij**2/2)=   1.4267850959412225E+022
      (|e1| + |e2|)/2=   1.19860208E+22
          -0.48500E+22 0.11100E+21-0.13700E+22
           0.11100E+21-0.48000E+22 0.33100E+22
          -0.13700E+22 0.33100E+22-0.18300E+23
  SEISMIC MOMENT OF THE INPUT MOMENT TENSOR:   0.1426785E+23
  
  ISOTROPIC COMPONENT (TRACE OF MOMENT TENSOR):  -0.2795000E+23
  
  INPUT MOMENT TENSOR IS PARTIALLY DUE TO AN IMPLOSION
 Deviatoric: moment=sqrt(sum mij**2/2)=   8.5656963717688176E+021
      (|e1| + |e2|)/2=   7.60940240E+21
           0.44667E+22 0.11100E+21-0.13700E+22
           0.11100E+21 0.45167E+22 0.33100E+22
          -0.13700E+22 0.33100E+22-0.89833E+22
  EIGENVALUES OF THE PURELY DEVIATORIC MOMENT TENSOR
 -0.9880096E+22  0.4541388E+22  0.5338709E+22
  
  SORTED EIGENVALUES
  0.4541388E+22  0.5338709E+22  0.9880096E+22
  EPSILON    % OF CLVD     % OF DC
  0.459650   91.930027    8.069973
  LUNE PARAMETERS
  beta:  143.11 gamma:  27.33
  
  --------------------------------------------------------------
  
  DECOMPOSITION INTO MAJOR AND MINOR DOUBLE COUPLE
  
  SEISMIC MOMENT OF ISOTROPIC PART, MAJOR, AND MINOR COUPLE
 -0.9316667E+22  0.9880096E+22  0.4541388E+22
  
  EIGENVALUES AND EIGENVECTORS OF THE MAJOR DC
     1 -0.9880E+22  ( 0.9436E-01,-0.2238E+00, 0.9701E+00)
     2  0.0000E+00  ( 0.9611E+00, 0.2745E+00,-0.3018E-01)
     3  0.9880E+22  ( 0.2595E+00,-0.9352E+00,-0.2410E+00)

  NODAL PLANES 
   STK=   16.98370
   DIP=   58.96375
  SLIP=  -87.98389
   OR
   STK=  193.07777
   DIP=   31.09514
  SLIP=  -93.34607
  
            X-DIR          Y-DIR          Z-DIR
  X:      -0.1167620      0.5030625      0.8563263
  Y:       0.2500477     -0.8195588      0.5155574
  Z:      -0.9611674     -0.2743200      0.0300963
  T:      -0.2593736      0.9352345      0.2409600
  P:       0.0942472     -0.2237967      0.9700683
  
        TREND       PLUNGE
  X    103.07280    58.90486
  Y    286.96294    31.03147
  Z    195.91985     1.71978
  T    105.50640    13.93901
  P    292.83365    75.94546
  
  EIGENVALUES AND EIGENVECTORS OF THE MINOR DC
     1  0.0000E+00  ( 0.9436E-01,-0.2238E+00, 0.9701E+00)
     2  0.4541E+22  ( 0.9611E+00, 0.2745E+00,-0.3018E-01)
     3 -0.4541E+22  ( 0.2595E+00,-0.9352E+00,-0.2410E+00)

  NODAL PLANES 
   STK=  149.88529
   DIP=   81.42697
  SLIP=  -11.17217
   OR
   STK=  241.57166
   DIP=   78.95424
  SLIP= -171.26390
  
            X-DIR          Y-DIR          Z-DIR
  X:      -0.8630001      0.4674338      0.1916675
  Y:       0.4963514      0.8551996      0.1492277
  Z:       0.0941599     -0.2239180      0.9700488
  T:      -0.9612067     -0.2741918      0.0300095
  P:      -0.2592598      0.9352431      0.2410493
  
        TREND       PLUNGE
  X    151.56670    11.04576
  Y     59.87275     8.57768
  Z    292.80357    75.94086
  T    195.91217     1.71480
  P    105.49979    13.94428
  
  --------------------------------------------------------------
  
  DECOMPOSITION INTO THREE DOUBLE COUPLES
  
  SEISMIC MOMENTS OF ISOTROPIC PART, EMT1, EMT2, EMT3
 -0.9316667E+22  0.4807161E+22  0.2657737E+21  0.5072935E+22
  
  EMT1
  0.9148427E+00  0.2849268E+00 -0.1205473E+00
  0.2849268E+00  0.2527409E-01  0.2087759E+00
 -0.1205473E+00  0.2087759E+00 -0.9401167E+00
  
  
  EIGENVALUES                EIGENVECTORS
 -0.1000000E+01    0.9148427  0.2849268 -0.1205473
  0.2220446E-15    0.2849268  0.0252741  0.2087759
  0.1000000E+01   -0.1205473  0.2087759 -0.9401167

  NODAL PLANES 
   STK=   89.99182
   DIP=   53.76066
  SLIP=   65.82168
   OR
   STK=  307.20711
   DIP=   42.62517
  SLIP=  119.19698
  
            X-DIR          Y-DIR          Z-DIR
  X:      -0.5394557     -0.4093231      0.7358275
  Y:       0.8065461      0.0000000      0.5911711
  Z:      -0.2418075      0.9123895      0.3302644
  T:       0.1888615     -0.2896009      0.9383297
  P:      -0.9517670     -0.2892694      0.1022875
  
        TREND       PLUNGE
  X    217.18228    47.37483
  Y    359.98335    36.23719
  Z    104.84944    19.28092
  T    303.10700    69.77181
  P    196.89654     5.86627
  
  EMT2
 -0.8563994E+00 -0.5065091E+00 -0.3352524E-01
 -0.5065091E+00  0.7992488E+00  0.2336284E+00
 -0.3352524E-01  0.2336284E+00  0.5715061E-01
  
  
  EIGENVALUES                EIGENVECTORS
 -0.1000000E+01   -0.8563994 -0.5065091 -0.0335252
 -0.4440892E-15   -0.5065091  0.7992488  0.2336284
  0.1000000E+01   -0.0335252  0.2336284  0.0571506

  NODAL PLANES 
   STK=  244.43337
   DIP=   88.78162
  SLIP=    3.12067
   OR
   STK=  154.36695
   DIP=   86.88003
  SLIP=  178.77981
  
            X-DIR          Y-DIR          Z-DIR
  X:       0.4320965      0.9001784      0.0545103
  Y:      -0.9018175      0.4315853      0.0214349
  Z:       0.0000000     -0.0584203      0.9982831
  T:      -0.3321429      0.9416992      0.0537014
  P:       0.9432196      0.3313454      0.0233879
  
        TREND       PLUNGE
  X     64.36198     3.11997
  Y    154.43402     1.22332
  Z    265.85283    86.64189
  T    109.43409     3.07355
  P     19.35703     1.33526
  
  EMT3
  0.5844328E-01 -0.2215823E+00 -0.1540725E+00
 -0.2215823E+00  0.8245229E+00  0.4424043E+00
 -0.1540725E+00  0.4424043E+00 -0.8829661E+00
  
  
  EIGENVALUES                EIGENVECTORS
 -0.1000000E+01    0.0584433 -0.2215823 -0.1540725
 -0.1601525E-16   -0.2215823  0.8245229  0.4424043
  0.1000000E+01   -0.1540725  0.4424043 -0.8829661

  NODAL PLANES 
   STK=   16.20334
   DIP=   63.41404
  SLIP=   92.42179
   OR
   STK=  190.80482
   DIP=   26.68804
  SLIP=   85.17373
  
            X-DIR          Y-DIR          Z-DIR
  X:       0.2494652     -0.8587772      0.4475141
  Y:      -0.0841107      0.4411630      0.8934767
  Z:      -0.9647241     -0.2605321      0.0378224
  T:       0.1169233     -0.2952979      0.9482237
  P:      -0.2358738      0.9191965      0.3153432
  
        TREND       PLUNGE
  X    286.19392    26.58080
  Y    100.79985    63.31196
  Z    195.10361     2.16273
  T    291.59733    71.48093
  P    104.39782    18.37758
  
  --------------------------------------------------------------
  
  DECOMPOSITION INTO THREE VECTOR DIPOLES
  
  SEISMIC MOMENTS OF ISOTROPIC PART, EMT1, EMT2, EMT3
 -0.9316667E+22  0.4541388E+22  0.5338709E+22  0.9880096E+22
  
            DIPOLE AXES
  0.9611178  0.2744846 -0.0301808
  0.2595149 -0.9351955 -0.2409595
  0.0943647 -0.2237581  0.9700658
  
  --------------------------------------------------------------
  
  DECOMPOSITION INTO THREE COMPENSATED LINEAR VECTOR DIPOLES
  
  SEISMIC MOMENTS OF ISOTROPIC PART, EMT1, EMT2, EMT3
 -0.9316667E+22  0.2757009E+22  0.2296675E+22  0.1108326E+23
  
  EIGENVALUE          AXES OF CLVD
       -1    0.0943647 -0.2237581  0.9700658
        2    0.9611178  0.2744846 -0.0301808
       -1    0.2595149 -0.9351955 -0.2409595
  
  EIGENVALUE          AXES OF CLVD
       -1    0.0943647 -0.2237581  0.9700658
       -1    0.9611178  0.2744846 -0.0301808
        2    0.2595149 -0.9351955 -0.2409595
  
  EIGENVALUE          AXES OF CLVD
        2    0.0943647 -0.2237581  0.9700658
       -1    0.9611178  0.2744846 -0.0301808
       -1    0.2595149 -0.9351955 -0.2409595
  
  --------------------------------------------------------------
  
  DECOMPOSITION INTO A DOUBLE COUPLE AND A CLVD
  
  SEISMIC MOMENTS OF ISOTROPIC PART, DC, CLVD
 -0.9316667E+22  0.7973211E+21  0.4541388E+22
 Isotropic: moment=sqrt(sum mij**2/2)=   1.1410539718464969E+022
      (|e1| + |e2|)/2=   9.31666748E+21
          -0.93167E+22 0.00000E+00 0.00000E+00
           0.00000E+00-0.93167E+22 0.00000E+00
           0.00000E+00 0.00000E+00-0.93167E+22
 Double couple: moment=sqrt(sum mij**2/2)=   9.8800960937060016E+021
      (|e1| + |e2|)/2=   9.88009594E+21
           0.57743E+21-0.21893E+22-0.15223E+22
          -0.21893E+22 0.81464E+22 0.43710E+22
          -0.15223E+22 0.43710E+22-0.87238E+22
  
  EIGENVALUES AND EIGENVECTORS OF THE DC
 -0.9880096E+22    0.0943647 -0.2237581  0.9700658
  0.0000000E+00    0.9611178  0.2744846 -0.0301808
  0.9880096E+22    0.2595149 -0.9351955 -0.2409595

  NODAL PLANES 
   STK=   16.98370
   DIP=   58.96375
  SLIP=  -87.98389
   OR
   STK=  193.07777
   DIP=   31.09514
  SLIP=  -93.34607
  
            X-DIR          Y-DIR          Z-DIR
  X:      -0.1167620      0.5030625      0.8563263
  Y:       0.2500477     -0.8195588      0.5155574
  Z:      -0.9611674     -0.2743200      0.0300963
  T:      -0.2593736      0.9352345      0.2409600
  P:       0.0942472     -0.2237967      0.9700683
  
        TREND       PLUNGE
  X    103.07280    58.90486
  Y    286.96294    31.03147
  Z    195.91985     1.71978
  T    105.50640    13.93901
  P    292.83365    75.94546
  
 CLVD: moment=sqrt(sum mij**2/2)=   7.8659139171233626E+021
      (|e1| + |e2|)/2=   6.81208175E+21
          -0.44201E+22-0.28767E+21 0.12472E+22
          -0.28767E+21-0.38593E+22-0.29573E+22
           0.12472E+22-0.29573E+22 0.82793E+22
  EIGENVALUE          AXES OF CLVD
  0.9082775E+22    0.0943647 -0.2237581  0.9700658
 -0.4541388E+22    0.9611178  0.2744846 -0.0301808
 -0.4541388E+22    0.2595149 -0.9351955 -0.2409595
 Original moment tensor
          -0.13159E+23-0.24769E+22-0.27510E+21
          -0.24769E+22-0.50296E+22 0.14137E+22
          -0.27510E+21 0.14137E+22-0.97611E+22
  
  --------------------------------------------------------------
 EVD:  -9.8800960937059932E+021   4.5413875174735935E+021   5.3387085762323976E+021
 EVP:   4.5413875174735935E+021   5.3387085762323976E+021   9.8800960937059932E+021
  
  DECOMPOSITION INTO A DOUBLE COUPLE AND A CRACK
  
  SEISMIC MOMENTS OF ISOTROPIC PART, DC, CRACK
 -0.2067014E+23  0.7973211E+21  0.6812081E+22
  
  EIGENVALUES AND EIGENVECTORS OF THE DC
 -0.9880096E+22    0.0943647 -0.2237581  0.9700658
  0.0000000E+00    0.9611178  0.2744846 -0.0301808
  0.9880096E+22    0.2595149 -0.9351955 -0.2409595

  NODAL PLANES 
   STK=   16.98370
   DIP=   58.96375
  SLIP=  -87.98389
   OR
   STK=  193.07777
   DIP=   31.09514
  SLIP=  -93.34607
  
            X-DIR          Y-DIR          Z-DIR
  X:      -0.1167620      0.5030625      0.8563263
  Y:       0.2500477     -0.8195588      0.5155574
  Z:      -0.9611674     -0.2743200      0.0300963
  T:      -0.2593736      0.9352345      0.2409600
  P:       0.0942472     -0.2237967      0.9700683
  
        TREND       PLUNGE
  X    103.07280    58.90486
  Y    286.96294    31.03147
  Z    195.91985     1.71978
  T    105.50640    13.93901
  P    292.83365    75.94546
  
  EIGENVALUE          AXES OF CRACK
        3    0.0943647 -0.2237581  0.9700658
        1    0.9611178  0.2744846 -0.0301808
        1    0.2595149 -0.9351955 -0.2409595
