  
  INPUT MOMENT TENSOR
 -0.6495809E+22 -0.1603414E+22  0.3293976E+22
 -0.1603414E+22 -0.4251996E+22  0.2267795E+22
  0.3293976E+22  0.2267795E+22 -0.1643752E+23
  EIGENVALUES AND EIGENVECTOR OF M(i,j)
     1 -0.1794E+23  (-0.2961E+00,-0.1898E+00, 0.9361E+00)
     2 -0.5856E+22  (-0.8616E+00,-0.3700E+00,-0.3475E+00)
     3 -0.3390E+22  ( 0.4123E+00,-0.9094E+00,-0.5398E-01)
   EIGENVALUES               EIGENVECTORS
     1 -0.1794E+23  (-0.2961E+00,-0.1898E+00, 0.9361E+00)
     2 -0.5856E+22  (-0.8616E+00,-0.3700E+00,-0.3475E+00)
     3 -0.3390E+22  ( 0.4123E+00,-0.9094E+00,-0.5398E-01)
  
 Input: moment=sqrt(sum mij**2/2)=   1.3557198923651059E+022
      (|e1| + |e2|)/2=   1.18974406E+22
          -0.64958E+22-0.16034E+22 0.32940E+22
          -0.16034E+22-0.42520E+22 0.22678E+22
           0.32940E+22 0.22678E+22-0.16438E+23
  SEISMIC MOMENT OF THE INPUT MOMENT TENSOR:   0.1355720E+23
  
  ISOTROPIC COMPONENT (TRACE OF MOMENT TENSOR):  -0.2718532E+23
  
  INPUT MOMENT TENSOR IS PARTIALLY DUE TO AN IMPLOSION
 Deviatoric: moment=sqrt(sum mij**2/2)=   7.7861411128689442E+021
      (|e1| + |e2|)/2=   7.27430138E+21
           0.25660E+22-0.16034E+22 0.32940E+22
          -0.16034E+22 0.48098E+22 0.22678E+22
           0.32940E+22 0.22678E+22-0.73757E+22
  EIGENVALUES OF THE PURELY DEVIATORIC MOMENT TENSOR
 -0.8877271E+22  0.3205938E+22  0.5671333E+22
  
  SORTED EIGENVALUES
  0.3205938E+22  0.5671333E+22  0.8877271E+22
  EPSILON    % OF CLVD     % OF DC
  0.361140   72.228012   27.771988
  LUNE PARAMETERS
  beta:  144.95 gamma:  20.89
  
  --------------------------------------------------------------
  
  DECOMPOSITION INTO MAJOR AND MINOR DOUBLE COUPLE
  
  SEISMIC MOMENT OF ISOTROPIC PART, MAJOR, AND MINOR COUPLE
 -0.9061775E+22  0.8877271E+22  0.3205938E+22
  
  EIGENVALUES AND EIGENVECTORS OF THE MAJOR DC
     1 -0.8877E+22  (-0.2961E+00,-0.1898E+00, 0.9361E+00)
     2  0.0000E+00  (-0.8616E+00,-0.3700E+00,-0.3475E+00)
     3  0.8877E+22  ( 0.4123E+00,-0.9094E+00,-0.5398E-01)

  NODAL PLANES 
   STK=    6.04097
   DIP=   51.40376
  SLIP= -116.40202
   OR
   STK=  224.55406
   DIP=   45.56967
  SLIP=  -60.87785
  
            X-DIR          Y-DIR          Z-DIR
  X:       0.0820517     -0.7772803      0.6237811
  Y:      -0.5008696      0.5089477      0.7000728
  Z:       0.8616247      0.3698751      0.3475560
  T:      -0.4121876      0.9095005      0.0539464
  P:      -0.2961489     -0.1897398      0.9361061
  
        TREND       PLUNGE
  X    276.02134    38.58994
  Y    134.54909    44.43033
  Z     23.23399    20.33406
  T    114.38645     3.08761
  P    212.63917    69.40645
  
  EIGENVALUES AND EIGENVECTORS OF THE MINOR DC
     1  0.0000E+00  (-0.2961E+00,-0.1898E+00, 0.9361E+00)
     2  0.3206E+22  (-0.8616E+00,-0.3700E+00,-0.3475E+00)
     3 -0.3206E+22  ( 0.4123E+00,-0.9094E+00,-0.5398E-01)

  NODAL PLANES 
   STK=   67.05439
   DIP=   78.02085
  SLIP=  163.13491
   OR
   STK=  160.65482
   DIP=   73.51279
  SLIP=   12.50095
  
            X-DIR          Y-DIR          Z-DIR
  X:       0.9007613     -0.3815182      0.2075402
  Y:       0.3177715      0.9046765      0.2838692
  Z:      -0.2960580     -0.1897480      0.9361332
  T:       0.8616328      0.3699288      0.3474789
  P:      -0.4122360      0.9094770      0.0539728
  
        TREND       PLUNGE
  X    337.04361    11.97393
  Y     70.64985    16.48721
  Z    212.64829    69.41086
  T     23.23680    20.32935
  P    114.38954     3.08912
  
  --------------------------------------------------------------
  
  DECOMPOSITION INTO THREE DOUBLE COUPLES
  
  SEISMIC MOMENTS OF ISOTROPIC PART, EMT1, EMT2, EMT3
 -0.9061775E+22  0.4027736E+22  0.8217982E+21  0.4849534E+22
  
  EMT1
  0.6546891E+00  0.2626027E+00  0.5765534E+00
  0.2626027E+00  0.1008824E+00  0.3062423E+00
  0.5765534E+00  0.3062423E+00 -0.7555715E+00
  
  
  EIGENVALUES                EIGENVECTORS
 -0.1000000E+01    0.6546891  0.2626027  0.5765534
  0.1699917E-16    0.2626027  0.1008824  0.3062423
  0.1000000E+01    0.5765534  0.3062423 -0.7555715

  NODAL PLANES 
   STK=  294.57580
   DIP=   83.05654
  SLIP=   93.30554
   OR
   STK=   89.03907
   DIP=    7.68665
  SLIP=   64.66386
  
            X-DIR          Y-DIR          Z-DIR
  X:      -0.9027530     -0.4128259      0.1208796
  Y:       0.1337290      0.0000000      0.9910154
  Z:      -0.4088443      0.9108072      0.0572420
  T:      -0.5437821     -0.2935062      0.7862285
  P:       0.7329034      0.2903178      0.6152789
  
        TREND       PLUNGE
  X    204.56588     6.93829
  Y    359.03411    82.31335
  Z    114.18072     3.27674
  T    208.34957    51.83234
  P     21.61071    37.96932
  
  EMT2
 -0.5723322E+00 -0.6937715E+00 -0.3216606E+00
 -0.6937715E+00  0.6901762E+00 -0.7948759E-01
 -0.3216606E+00 -0.7948759E-01 -0.1178439E+00
  
  
  EIGENVALUES                EIGENVECTORS
 -0.1000000E+01   -0.5723322 -0.6937715 -0.3216606
 -0.3330669E-15   -0.6937715  0.6901762 -0.0794876
  0.1000000E+01   -0.3216606 -0.0794876 -0.1178439

  NODAL PLANES 
   STK=  216.29715
   DIP=   71.54264
  SLIP= -165.84099
   OR
   STK=  121.73058
   DIP=   76.58334
  SLIP=  -18.99476
  
            X-DIR          Y-DIR          Z-DIR
  X:      -0.5614516      0.7645596      0.3165764
  Y:       0.8273637      0.5114663      0.2321025
  Z:      -0.0155380     -0.3922381      0.9197325
  T:      -0.9820407      0.1789640      0.0597321
  P:       0.1880282      0.9022866      0.3879745
  
        TREND       PLUNGE
  X    126.29854    18.45206
  Y     31.72561    13.41666
  Z    267.72639    66.88573
  T    169.68130     3.41966
  P     78.23287    22.82482
  
  EMT3
  0.8235688E-01 -0.4311688E+00  0.2548928E+00
 -0.4311688E+00  0.7910586E+00  0.2267547E+00
  0.2548928E+00  0.2267547E+00 -0.8734154E+00
  
  
  EIGENVALUES                EIGENVECTORS
 -0.1000000E+01    0.0823569 -0.4311688  0.2548928
 -0.8881784E-15   -0.4311688  0.7910586  0.2267547
  0.1000000E+01    0.2548928  0.2267547 -0.8734154

  NODAL PLANES 
   STK=  221.04771
   DIP=   53.31388
  SLIP=  124.69342
   OR
   STK=  351.84227
   DIP=   48.74995
  SLIP=   52.61993
  
            X-DIR          Y-DIR          Z-DIR
  X:      -0.5264447      0.6049706      0.5973831
  Y:      -0.1069327     -0.7441647      0.6593818
  Z:       0.8434580      0.2832482      0.4564527
  T:      -0.4478655     -0.0984251      0.8886670
  P:       0.2966397     -0.9539827      0.0438397
  
        TREND       PLUNGE
  X    131.03698    36.67976
  Y    261.81744    41.25005
  Z     18.56399    27.15497
  T    192.38532    62.70471
  P    287.26900     2.50781
  
  --------------------------------------------------------------
  
  DECOMPOSITION INTO THREE VECTOR DIPOLES
  
  SEISMIC MOMENTS OF ISOTROPIC PART, EMT1, EMT2, EMT3
 -0.9061775E+22  0.3205938E+22  0.5671333E+22  0.8877271E+22
  
            DIPOLE AXES
 -0.8615918 -0.3700028 -0.3475017
  0.4123205 -0.9094384 -0.0539773
 -0.2960597 -0.1897885  0.9361245
  
  --------------------------------------------------------------
  
  DECOMPOSITION INTO THREE COMPENSATED LINEAR VECTOR DIPOLES
  
  SEISMIC MOMENTS OF ISOTROPIC PART, EMT1, EMT2, EMT3
 -0.9061775E+22  0.3380869E+22  0.1957473E+22  0.1035711E+23
  
  EIGENVALUE          AXES OF CLVD
       -1   -0.2960597 -0.1897885  0.9361245
        2   -0.8615918 -0.3700028 -0.3475017
       -1    0.4123205 -0.9094384 -0.0539773
  
  EIGENVALUE          AXES OF CLVD
       -1   -0.2960597 -0.1897885  0.9361245
       -1   -0.8615918 -0.3700028 -0.3475017
        2    0.4123205 -0.9094384 -0.0539773
  
  EIGENVALUE          AXES OF CLVD
        2   -0.2960597 -0.1897885  0.9361245
       -1   -0.8615918 -0.3700028 -0.3475017
       -1    0.4123205 -0.9094384 -0.0539773
  
  --------------------------------------------------------------
  
  DECOMPOSITION INTO A DOUBLE COUPLE AND A CLVD
  
  SEISMIC MOMENTS OF ISOTROPIC PART, DC, CLVD
 -0.9061775E+22  0.2465395E+22  0.3205938E+22
 Isotropic: moment=sqrt(sum mij**2/2)=   1.1098362456954515E+022
      (|e1| + |e2|)/2=   9.06177556E+21
          -0.90618E+22 0.00000E+00 0.00000E+00
           0.00000E+00-0.90618E+22 0.00000E+00
           0.00000E+00 0.00000E+00-0.90618E+22
 Double couple: moment=sqrt(sum mij**2/2)=   8.8772706682980574E+021
      (|e1| + |e2|)/2=   8.87727041E+21
           0.73110E+21-0.38276E+22 0.22628E+22
          -0.38276E+22 0.70224E+22 0.20130E+22
           0.22628E+22 0.20130E+22-0.77535E+22
  
  EIGENVALUES AND EIGENVECTORS OF THE DC
 -0.8877271E+22   -0.2960597 -0.1897885  0.9361245
  0.0000000E+00   -0.8615918 -0.3700028 -0.3475017
  0.8877271E+22    0.4123205 -0.9094384 -0.0539773

  NODAL PLANES 
   STK=    6.04097
   DIP=   51.40376
  SLIP= -116.40202
   OR
   STK=  224.55406
   DIP=   45.56967
  SLIP=  -60.87785
  
            X-DIR          Y-DIR          Z-DIR
  X:       0.0820517     -0.7772803      0.6237811
  Y:      -0.5008696      0.5089477      0.7000728
  Z:       0.8616247      0.3698751      0.3475560
  T:      -0.4121876      0.9095005      0.0539464
  P:      -0.2961489     -0.1897398      0.9361061
  
        TREND       PLUNGE
  X    276.02134    38.58994
  Y    134.54909    44.43033
  Z     23.23399    20.33406
  T    114.38645     3.08761
  P    212.63917    69.40645
  
 CLVD: moment=sqrt(sum mij**2/2)=   5.5528476261108647E+021
      (|e1| + |e2|)/2=   4.80890709E+21
          -0.23629E+22 0.54041E+21-0.26656E+22
           0.54041E+21-0.28595E+22-0.17088E+22
          -0.26656E+22-0.17088E+22 0.52224E+22
  EIGENVALUE          AXES OF CLVD
  0.6411876E+22   -0.2960597 -0.1897885  0.9361245
 -0.3205938E+22   -0.8615918 -0.3700028 -0.3475017
 -0.3205938E+22    0.4123205 -0.9094384 -0.0539773
 Original moment tensor
          -0.10694E+23-0.32872E+22-0.40281E+21
          -0.32872E+22-0.48988E+22 0.30421E+21
          -0.40281E+21 0.30421E+21-0.11593E+23
  
  --------------------------------------------------------------
 EVD:  -8.8772706682980564E+021   3.2059380717040823E+021   5.6713325965939751E+021
 EVP:   3.2059380717040823E+021   5.6713325965939751E+021   8.8772706682980564E+021
  
  DECOMPOSITION INTO A DOUBLE COUPLE AND A CRACK
  
  SEISMIC MOMENTS OF ISOTROPIC PART, DC, CRACK
 -0.1707662E+23  0.2465395E+22  0.4808907E+22
  
  EIGENVALUES AND EIGENVECTORS OF THE DC
 -0.8877271E+22   -0.2960597 -0.1897885  0.9361245
  0.0000000E+00   -0.8615918 -0.3700028 -0.3475017
  0.8877271E+22    0.4123205 -0.9094384 -0.0539773

  NODAL PLANES 
   STK=    6.04097
   DIP=   51.40376
  SLIP= -116.40202
   OR
   STK=  224.55406
   DIP=   45.56967
  SLIP=  -60.87785
  
            X-DIR          Y-DIR          Z-DIR
  X:       0.0820517     -0.7772803      0.6237811
  Y:      -0.5008696      0.5089477      0.7000728
  Z:       0.8616247      0.3698751      0.3475560
  T:      -0.4121876      0.9095005      0.0539464
  P:      -0.2961489     -0.1897398      0.9361061
  
        TREND       PLUNGE
  X    276.02134    38.58994
  Y    134.54909    44.43033
  Z     23.23399    20.33406
  T    114.38645     3.08761
  P    212.63917    69.40645
  
  EIGENVALUE          AXES OF CRACK
        3   -0.2960597 -0.1897885  0.9361245
        1   -0.8615918 -0.3700028 -0.3475017
        1    0.4123205 -0.9094384 -0.0539773
