  
  INPUT MOMENT TENSOR
  0.5010000E+22 -0.4380000E+21  0.8710000E+22
 -0.4380000E+21  0.3830000E+20 -0.7620000E+21
  0.8710000E+22 -0.7620000E+21 -0.5050000E+22
  EIGENVALUES AND EIGENVECTOR OF M(i,j)
     1 -0.1010E+23  ( 0.4981E+00,-0.4359E-01,-0.8661E+00)
     2  0.7739E+16  ( 0.8714E-01, 0.9962E+00,-0.2594E-04)
     3  0.1010E+23  (-0.8628E+00, 0.7545E-01,-0.5000E+00)
   EIGENVALUES               EIGENVECTORS
     1 -0.1010E+23  ( 0.4981E+00,-0.4359E-01,-0.8661E+00)
     2  0.7739E+16  ( 0.8714E-01, 0.9962E+00,-0.2594E-04)
     3  0.1010E+23  (-0.8628E+00, 0.7545E-01,-0.5000E+00)
  
 Input: moment=sqrt(sum mij**2/2)=   1.0096465789819728E+022
      (|e1| + |e2|)/2=   1.00964658E+22
           0.50100E+22-0.43800E+21 0.87100E+22
          -0.43800E+21 0.38300E+20-0.76200E+21
           0.87100E+22-0.76200E+21-0.50500E+22
  SEISMIC MOMENT OF THE INPUT MOMENT TENSOR:   0.1009647E+23
  
  ISOTROPIC COMPONENT (TRACE OF MOMENT TENSOR):  -0.1700000E+19
  
  INPUT MOMENT TENSOR IS PARTIALLY DUE TO AN IMPLOSION
 Deviatoric: moment=sqrt(sum mij**2/2)=   1.0096465765966499E+022
      (|e1| + |e2|)/2=   1.00964658E+22
           0.50106E+22-0.43800E+21 0.87100E+22
          -0.43800E+21 0.38867E+20-0.76200E+21
           0.87100E+22-0.76200E+21-0.50494E+22
  EIGENVALUES OF THE PURELY DEVIATORIC MOMENT TENSOR
 -0.1009675E+23  0.5744056E+18  0.1009618E+23
  
  SORTED EIGENVALUES
  0.5744056E+18  0.1009618E+23  0.1009675E+23
  EPSILON    % OF CLVD     % OF DC
  0.000057    0.011378   99.988622
  LUNE PARAMETERS
  beta:   90.00 gamma:   0.00
  
  --------------------------------------------------------------
  
  DECOMPOSITION INTO MAJOR AND MINOR DOUBLE COUPLE
  
  SEISMIC MOMENT OF ISOTROPIC PART, MAJOR, AND MINOR COUPLE
 -0.5666667E+18  0.1009675E+23  0.5744056E+18
  
  EIGENVALUES AND EIGENVECTORS OF THE MAJOR DC
     1 -0.1010E+23  ( 0.4981E+00,-0.4359E-01,-0.8661E+00)
     2  0.0000E+00  ( 0.8714E-01, 0.9962E+00,-0.2594E-04)
     3  0.1010E+23  (-0.8628E+00, 0.7545E-01,-0.5000E+00)

  NODAL PLANES 
   STK=  265.00399
   DIP=   74.99618
  SLIP=  -89.99709
   OR
   STK=   84.99273
   DIP=   15.00382
  SLIP=  -90.01088
  
            X-DIR          Y-DIR          Z-DIR
  X:       0.2578797     -0.0226158      0.9659123
  Y:      -0.9622281      0.0842829      0.2588695
  Z:       0.0872644      0.9961852      0.0000000
  T:       0.8627465     -0.0755888      0.4999548
  P:      -0.4980496      0.0436052      0.8660515
  
        TREND       PLUNGE
  X    354.98776    74.99618
  Y    175.00382    14.99885
  Z     84.99844     0.00000
  T    354.99259    29.99370
  P    175.00606    60.00134
  
  EIGENVALUES AND EIGENVECTORS OF THE MINOR DC
     1  0.0000E+00  ( 0.4981E+00,-0.4359E-01,-0.8661E+00)
     2  0.5744E+18  ( 0.8714E-01, 0.9962E+00,-0.2594E-04)
     3 -0.5744E+18  (-0.8628E+00, 0.7545E-01,-0.5000E+00)

  NODAL PLANES 
   STK=  134.10309
   DIP=   69.29797
  SLIP= -157.79869
   OR
   STK=   35.89348
   DIP=   69.30067
  SLIP=  -22.20381
  
            X-DIR          Y-DIR          Z-DIR
  X:       0.6717422      0.6510099      0.3534806
  Y:       0.5483946     -0.7578142      0.3535264
  Z:      -0.4980218      0.0436317      0.8660661
  T:      -0.0872199     -0.9961891      0.0000000
  P:       0.8627670     -0.0755221      0.4999295
  
        TREND       PLUNGE
  X     44.10447    20.69653
  Y    305.88851    20.69933
  Z    175.00275    60.00301
  T    264.99107     0.00000
  P    354.99710    29.99202
  
  --------------------------------------------------------------
  
  DECOMPOSITION INTO THREE DOUBLE COUPLES
  
  SEISMIC MOMENTS OF ISOTROPIC PART, EMT1, EMT2, EMT3
 -0.5666667E+18  0.3365776E+22  0.3365201E+22  0.6730977E+22
  
  EMT1
 -0.2404619E+00  0.1085151E+00  0.4313357E+00
  0.1085151E+00  0.9905071E+00 -0.3777474E-01
  0.4313357E+00 -0.3777474E-01 -0.7500452E+00
  
  
  EIGENVALUES                EIGENVECTORS
 -0.1000000E+01   -0.2404619  0.1085151  0.4313357
  0.4440892E-15    0.1085151  0.9905071 -0.0377747
  0.1000000E+01    0.4313357 -0.0377747 -0.7500452

  NODAL PLANES 
   STK=   27.55264
   DIP=   47.95899
  SLIP=   54.96842
   OR
   STK=  253.86356
   DIP=   52.54622
  SLIP=  122.48106
  
            X-DIR          Y-DIR          Z-DIR
  X:      -0.7624852      0.2208075      0.6081615
  Y:       0.3434661     -0.6584458      0.6696866
  Z:       0.5483132      0.7195090      0.4262153
  T:      -0.2962912     -0.3094570      0.9035751
  P:       0.7820257     -0.6217260      0.0435049
  
        TREND       PLUNGE
  X    163.85860    37.45378
  Y    297.54452    42.04024
  Z     52.69312    25.22404
  T    226.23773    64.63065
  P    321.51248     2.48860
  
  EMT2
  0.7367591E+00 -0.1519040E+00  0.4313424E+00
 -0.1519040E+00 -0.9867139E+00 -0.3769722E-01
  0.4313424E+00 -0.3769722E-01  0.2499548E+00
  
  
  EIGENVALUES                EIGENVECTORS
 -0.1000000E+01    0.7367591 -0.1519040  0.4313424
  0.4440892E-15   -0.1519040 -0.9867139 -0.0376972
  0.1000000E+01    0.4313424 -0.0376972  0.2499548

  NODAL PLANES 
   STK=  320.40342
   DIP=   35.00408
  SLIP=  -36.68434
   OR
   STK=   81.79490
   DIP=   69.95898
  SLIP= -119.31895
  
            X-DIR          Y-DIR          Z-DIR
  X:       0.9297975     -0.1341451      0.3427561
  Y:      -0.3657164     -0.4418764      0.8191439
  Z:      -0.0415716      0.8869895      0.4599146
  T:      -0.9160666     -0.2175989      0.3368571
  P:       0.3988656     -0.4073087      0.8215874
  
        TREND       PLUNGE
  X    351.78993    20.04102
  Y    230.38019    54.99726
  Z     92.68850    27.37814
  T    193.35298    19.68163
  P    314.39744    55.24210
  
  EMT3
  0.4962972E+00 -0.4338892E-01  0.8626781E+00
 -0.4338892E-01  0.3793288E-02 -0.7547195E-01
  0.8626781E+00 -0.7547195E-01 -0.5000905E+00
  
  
  EIGENVALUES                EIGENVECTORS
 -0.1000000E+01    0.4962972 -0.0433889  0.8626781
  0.3394318E-16   -0.0433889  0.0037933 -0.0754720
  0.1000000E+01    0.8626781 -0.0754720 -0.5000905

  NODAL PLANES 
   STK=   85.00743
   DIP=   75.19286
  SLIP=  -90.00295
   OR
   STK=  265.01896
   DIP=   14.80714
  SLIP=  -89.98886
  
            X-DIR          Y-DIR          Z-DIR
  X:       0.9630981     -0.0844690      0.2555524
  Y:      -0.2545816      0.0222536      0.9667952
  Z:       0.0873512      0.9961776      0.0000000
  T:      -0.8610296      0.0754643      0.5029246
  P:       0.5009968     -0.0439929      0.8643303
  
        TREND       PLUNGE
  X    354.98739    14.80217
  Y    175.01399    75.19286
  Z     84.99345     0.00000
  T    175.00081    30.19038
  P    354.98140    59.80465
  
  --------------------------------------------------------------
  
  DECOMPOSITION INTO THREE VECTOR DIPOLES
  
  SEISMIC MOMENTS OF ISOTROPIC PART, EMT1, EMT2, EMT3
 -0.5666667E+18  0.5744056E+18  0.1009618E+23  0.1009675E+23
  
            DIPOLE AXES
  0.0871378  0.9961963 -0.0000259
 -0.8627584  0.0754529 -0.4999548
  0.4980511 -0.0435874 -0.8660515
  
  --------------------------------------------------------------
  
  DECOMPOSITION INTO THREE COMPENSATED LINEAR VECTOR DIPOLES
  
  SEISMIC MOMENTS OF ISOTROPIC PART, EMT1, EMT2, EMT3
 -0.5666667E+18  0.4468097E+16  0.5828704E+22  0.5829690E+22
  
  EIGENVALUE          AXES OF CLVD
       -1    0.4980511 -0.0435874 -0.8660515
        2    0.0871378  0.9961963 -0.0000259
       -1   -0.8627584  0.0754529 -0.4999548
  
  EIGENVALUE          AXES OF CLVD
       -1    0.4980511 -0.0435874 -0.8660515
       -1    0.0871378  0.9961963 -0.0000259
        2   -0.8627584  0.0754529 -0.4999548
  
  EIGENVALUE          AXES OF CLVD
        2    0.4980511 -0.0435874 -0.8660515
       -1    0.0871378  0.9961963 -0.0000259
       -1   -0.8627584  0.0754529 -0.4999548
  
  --------------------------------------------------------------
  
  DECOMPOSITION INTO A DOUBLE COUPLE AND A CLVD
  
  SEISMIC MOMENTS OF ISOTROPIC PART, DC, CLVD
 -0.5666667E+18  0.1009560E+23  0.5744056E+18
 Isotropic: moment=sqrt(sum mij**2/2)=   6.9402209378744346E+017
      (|e1| + |e2|)/2=   5.66666646E+17
          -0.56667E+18 0.00000E+00 0.00000E+00
           0.00000E+00-0.56667E+18 0.00000E+00
           0.00000E+00 0.00000E+00-0.56667E+18
 Double couple: moment=sqrt(sum mij**2/2)=   1.0096752956530609E+022
      (|e1| + |e2|)/2=   1.00967529E+22
           0.50110E+22-0.43809E+21 0.87102E+22
          -0.43809E+21 0.38300E+20-0.76202E+21
           0.87102E+22-0.76202E+21-0.50493E+22
  
  EIGENVALUES AND EIGENVECTORS OF THE DC
 -0.1009675E+23    0.4980511 -0.0435874 -0.8660515
  0.0000000E+00    0.0871378  0.9961963 -0.0000259
  0.1009675E+23   -0.8627584  0.0754529 -0.4999548

  NODAL PLANES 
   STK=  265.00399
   DIP=   74.99618
  SLIP=  -89.99709
   OR
   STK=   84.99273
   DIP=   15.00382
  SLIP=  -90.01088
  
            X-DIR          Y-DIR          Z-DIR
  X:       0.2578797     -0.0226158      0.9659123
  Y:      -0.9622281      0.0842829      0.2588695
  Z:       0.0872644      0.9961852      0.0000000
  T:       0.8627465     -0.0755888      0.4999548
  P:      -0.4980496      0.0436052      0.8660515
  
        TREND       PLUNGE
  X    354.98776    74.99618
  Y    175.00382    14.99885
  Z     84.99844     0.00000
  T    354.99259    29.99370
  P    175.00606    60.00134
  
 CLVD: moment=sqrt(sum mij**2/2)=   9.9489974818668147E+017
      (|e1| + |e2|)/2=   8.61608441E+17
          -0.14695E+18-0.37409E+17-0.74329E+18
          -0.37409E+17-0.57113E+18 0.65050E+17
          -0.74329E+18 0.65050E+17 0.71808E+18
  EIGENVALUE          AXES OF CLVD
  0.1148811E+19    0.4980511 -0.0435874 -0.8660515
 -0.5744056E+18    0.0871378  0.9961963 -0.0000259
 -0.5744056E+18   -0.8627584  0.0754529 -0.4999548
 Original moment tensor
           0.50103E+22-0.43812E+21 0.87095E+22
          -0.43812E+21 0.37162E+20-0.76196E+21
           0.87095E+22-0.76196E+21-0.50491E+22
  
  --------------------------------------------------------------
 EVD:  -1.0096752956530607E+022   5.7440563743227142E+017   1.0096178550893172E+022
 EVP:   5.7440563743227142E+017   1.0096178550893172E+022   1.0096752956530607E+022
  
  DECOMPOSITION INTO A DOUBLE COUPLE AND A CRACK
  
  SEISMIC MOMENTS OF ISOTROPIC PART, DC, CRACK
 -0.2002681E+19  0.1009560E+23  0.8616085E+18
  
  EIGENVALUES AND EIGENVECTORS OF THE DC
 -0.1009675E+23    0.4980511 -0.0435874 -0.8660515
  0.0000000E+00    0.0871378  0.9961963 -0.0000259
  0.1009675E+23   -0.8627584  0.0754529 -0.4999548

  NODAL PLANES 
   STK=  265.00399
   DIP=   74.99618
  SLIP=  -89.99709
   OR
   STK=   84.99273
   DIP=   15.00382
  SLIP=  -90.01088
  
            X-DIR          Y-DIR          Z-DIR
  X:       0.2578797     -0.0226158      0.9659123
  Y:      -0.9622281      0.0842829      0.2588695
  Z:       0.0872644      0.9961852      0.0000000
  T:       0.8627465     -0.0755888      0.4999548
  P:      -0.4980496      0.0436052      0.8660515
  
        TREND       PLUNGE
  X    354.98776    74.99618
  Y    175.00382    14.99885
  Z     84.99844     0.00000
  T    354.99259    29.99370
  P    175.00606    60.00134
  
  EIGENVALUE          AXES OF CRACK
        3    0.4980511 -0.0435874 -0.8660515
        1    0.0871378  0.9961963 -0.0000259
        1   -0.8627584  0.0754529 -0.4999548
