  
  INPUT MOMENT TENSOR
  0.3930000E+22  0.1250000E+21  0.9390000E+22
  0.1250000E+21  0.3630000E+22  0.3420000E+22
  0.9390000E+22  0.3420000E+22 -0.7560000E+22
  EIGENVALUES AND EIGENVECTOR OF M(i,j)
     1 -0.1333E+23  (-0.4699E+00,-0.1712E+00, 0.8660E+00)
     2  0.3585E+22  ( 0.3421E+00,-0.9396E+00,-0.7170E-04)
     3  0.9746E+22  (-0.8137E+00,-0.2963E+00,-0.5001E+00)
   EIGENVALUES               EIGENVECTORS
     1 -0.1333E+23  (-0.4699E+00,-0.1712E+00, 0.8660E+00)
     2  0.3585E+22  ( 0.3421E+00,-0.9396E+00,-0.7170E-04)
     3  0.9746E+22  (-0.8137E+00,-0.2963E+00,-0.5001E+00)
  
 Input: moment=sqrt(sum mij**2/2)=   1.1948716458264465E+022
      (|e1| + |e2|)/2=   1.15383720E+22
           0.39300E+22 0.12500E+21 0.93900E+22
           0.12500E+21 0.36300E+22 0.34200E+22
           0.93900E+22 0.34200E+22-0.75600E+22
  SEISMIC MOMENT OF THE INPUT MOMENT TENSOR:   0.1194872E+23
  
  ISOTROPIC COMPONENT (TRACE OF MOMENT TENSOR):   0.6291456E+07
  
  INPUT MOMENT TENSOR IS PURELY DEVIATORIC
 Deviatoric: moment=sqrt(sum mij**2/2)=   1.1948716458264465E+022
      (|e1| + |e2|)/2=   1.15383720E+22
           0.39300E+22 0.12500E+21 0.93900E+22
           0.12500E+21 0.36300E+22 0.34200E+22
           0.93900E+22 0.34200E+22-0.75600E+22
  EIGENVALUES OF THE PURELY DEVIATORIC MOMENT TENSOR
 -0.1333074E+23  0.3584745E+22  0.9745999E+22
  
  SORTED EIGENVALUES
  0.3584745E+22  0.9745999E+22  0.1333074E+23
  EPSILON    % OF CLVD     % OF DC
  0.268908   53.781619   46.218381
  LUNE PARAMETERS
  beta:   90.00 gamma:  15.06
  
  --------------------------------------------------------------
  
  DECOMPOSITION INTO MAJOR AND MINOR DOUBLE COUPLE
  
  SEISMIC MOMENT OF ISOTROPIC PART, MAJOR, AND MINOR COUPLE
  0.2097152E+07  0.1333074E+23  0.3584745E+22
  
  EIGENVALUES AND EIGENVECTORS OF THE MAJOR DC
     1 -0.1333E+23  (-0.4699E+00,-0.1712E+00, 0.8660E+00)
     2  0.0000E+00  ( 0.3421E+00,-0.9396E+00,-0.7170E-04)
     3  0.1333E+23  (-0.8137E+00,-0.2963E+00,-0.5001E+00)

  NODAL PLANES 
   STK=  290.00648
   DIP=   75.00364
  SLIP=  -90.00020
   OR
   STK=  110.00726
   DIP=   14.99636
  SLIP=  -89.99925
  
            X-DIR          Y-DIR          Z-DIR
  X:      -0.9077196     -0.3302981      0.2587437
  Y:       0.2431377      0.0885006      0.9659460
  Z:       0.3419491     -0.9397185      0.0000000
  T:       0.8137790      0.2961354      0.5000675
  P:      -0.4699303     -0.1709766      0.8659864
  
        TREND       PLUNGE
  X    199.98644    14.99139
  Y     20.00229    75.00364
  Z    289.99181     0.00000
  T     19.99763    30.00116
  P    199.98428    59.99388
  
  EIGENVALUES AND EIGENVECTORS OF THE MINOR DC
     1  0.0000E+00  (-0.4699E+00,-0.1712E+00, 0.8660E+00)
     2  0.3585E+22  ( 0.3421E+00,-0.9396E+00,-0.7170E-04)
     3 -0.3585E+22  (-0.8137E+00,-0.2963E+00,-0.5001E+00)

  NODAL PLANES 
   STK=   60.90390
   DIP=   69.29507
  SLIP=  -22.20918
   OR
   STK=  159.11778
   DIP=   69.29380
  SLIP= -157.79200
  
            X-DIR          Y-DIR          Z-DIR
  X:       0.3335491      0.8738906      0.3536385
  Y:       0.8172199     -0.4550423      0.3536781
  Z:      -0.4699964     -0.1710314      0.8659397
  T:       0.3420069     -0.9396975      0.0000000
  P:       0.8137166      0.2961705      0.5001484
  
        TREND       PLUNGE
  X     69.11281    20.70620
  Y    330.88857    20.70863
  Z    199.98758    59.98853
  T    289.99533     0.00000
  P     20.00122    30.00651
  
  --------------------------------------------------------------
  
  DECOMPOSITION INTO THREE DOUBLE COUPLES
  
  SEISMIC MOMENTS OF ISOTROPIC PART, EMT1, EMT2, EMT3
  0.2097152E+07  0.5638497E+22  0.2053751E+22  0.7692248E+22
  
  EMT1
 -0.1037064E+00 -0.4019200E+00  0.4068721E+00
 -0.4019200E+00  0.8536389E+00  0.1482865E+00
  0.4068721E+00  0.1482865E+00 -0.7499325E+00
  
  
  EIGENVALUES                EIGENVECTORS
 -0.1000000E+01   -0.1037064 -0.4019200  0.4068721
  0.2220446E-15   -0.4019200  0.8536389  0.1482865
  0.1000000E+01    0.4068721  0.1482865 -0.7499325

  NODAL PLANES 
   STK=  210.86189
   DIP=   65.89009
  SLIP=  135.71831
   OR
   STK=  322.58286
   DIP=   50.41076
  SLIP=   32.01009
  
            X-DIR          Y-DIR          Z-DIR
  X:      -0.4679883      0.7836798      0.4084518
  Y:      -0.4684183     -0.6118920      0.6373166
  Z:       0.7493806      0.1069304      0.6534483
  T:      -0.6621395      0.1214724      0.7394700
  P:       0.0000000     -0.9868183      0.1618319
  
        TREND       PLUNGE
  X    120.85095    24.10398
  Y    232.55803    39.58924
  Z      8.12127    40.79938
  T    169.61379    47.68395
  P    269.97738     9.30879
  
  EMT2
  0.5450938E+00  0.5625788E+00  0.4069457E+00
  0.5625788E+00 -0.7951613E+00  0.1480844E+00
  0.4069457E+00  0.1480844E+00  0.2500675E+00
  
  
  EIGENVALUES                EIGENVECTORS
 -0.1000000E+01    0.5450938  0.5625788  0.4069457
  0.2220446E-15    0.5625788 -0.7951613  0.1480844
  0.1000000E+01    0.4069457  0.1480844  0.2500675

  NODAL PLANES 
   STK=  220.16300
   DIP=   69.74757
  SLIP= -158.93438
   OR
   STK=  122.56842
   DIP=   70.29269
  SLIP=  -21.57345
  
            X-DIR          Y-DIR          Z-DIR
  X:      -0.6050242      0.7170352      0.3461303
  Y:       0.7934279      0.5066704      0.3372791
  Z:      -0.0664670     -0.4786915      0.8754636
  T:      -0.9888550      0.1487504      0.0000000
  P:       0.1332215      0.8652906      0.4832435
  
        TREND       PLUNGE
  X    130.16438    20.24696
  Y     32.56345    19.70731
  Z    262.08954    61.09830
  T    171.45478     0.35365
  P     81.25186    28.89408
  
  EMT3
  0.4413874E+00  0.1606588E+00  0.8138178E+00
  0.1606588E+00  0.5847755E-01  0.2963709E+00
  0.8138178E+00  0.2963709E+00 -0.4998649E+00
  
  
  EIGENVALUES                EIGENVECTORS
 -0.1000000E+01    0.4413874  0.1606588  0.8138178
 -0.6505625E-16    0.1606588  0.0584776  0.2963709
  0.1000000E+01    0.8138178  0.2963709 -0.4998649

  NODAL PLANES 
   STK=  110.00164
   DIP=   77.75954
  SLIP=  -89.99977
   OR
   STK=  290.00055
   DIP=   12.24046
  SLIP=  -90.00106
  
            X-DIR          Y-DIR          Z-DIR
  X:       0.9184458      0.3339339      0.2120034
  Y:      -0.1992376     -0.0724557      0.9772689
  Z:      -0.3417041      0.9398076      0.0000000
  T:      -0.7903215     -0.2873608      0.5411244
  P:       0.5085570      0.1848930      0.8409426
  
        TREND       PLUNGE
  X     19.98165    12.23549
  Y    199.97571    77.75954
  Z    109.98680     0.00000
  T    199.97243    32.75706
  P     19.98055    57.23798
  
  --------------------------------------------------------------
  
  DECOMPOSITION INTO THREE VECTOR DIPOLES
  
  SEISMIC MOMENTS OF ISOTROPIC PART, EMT1, EMT2, EMT3
  0.2097152E+07  0.3584745E+22  0.9745999E+22  0.1333074E+23
  
            DIPOLE AXES
  0.3421500 -0.9396454 -0.0000717
 -0.8137324 -0.2962635 -0.5000675
 -0.4698649 -0.1711564  0.8659864
  
  --------------------------------------------------------------
  
  DECOMPOSITION INTO THREE COMPENSATED LINEAR VECTOR DIPOLES
  
  SEISMIC MOMENTS OF ISOTROPIC PART, EMT1, EMT2, EMT3
  0.2097152E+07  0.2069654E+22  0.5626855E+22  0.7696509E+22
  
  EIGENVALUE          AXES OF CLVD
       -1   -0.4698649 -0.1711564  0.8659864
        2    0.3421500 -0.9396454 -0.0000717
       -1   -0.8137324 -0.2962635 -0.5000675
  
  EIGENVALUE          AXES OF CLVD
       -1   -0.4698649 -0.1711564  0.8659864
       -1    0.3421500 -0.9396454 -0.0000717
        2   -0.8137324 -0.2962635 -0.5000675
  
  EIGENVALUE          AXES OF CLVD
        2   -0.4698649 -0.1711564  0.8659864
       -1    0.3421500 -0.9396454 -0.0000717
       -1   -0.8137324 -0.2962635 -0.5000675
  
  --------------------------------------------------------------
  
  DECOMPOSITION INTO A DOUBLE COUPLE AND A CLVD
  
  SEISMIC MOMENTS OF ISOTROPIC PART, DC, CLVD
  0.2097152E+07  0.6161254E+22  0.3584745E+22
 Isotropic: moment=sqrt(sum mij**2/2)=   2568476.1565286135     
      (|e1| + |e2|)/2=   2097152.00    
           0.20972E+07 0.00000E+00 0.00000E+00
           0.00000E+00 0.20972E+07 0.00000E+00
           0.00000E+00 0.00000E+00 0.20972E+07
 Double couple: moment=sqrt(sum mij**2/2)=   1.3330744493722330E+022
      (|e1| + |e2|)/2=   1.33307450E+22
           0.58840E+22 0.21417E+22 0.10849E+23
           0.21417E+22 0.77955E+21 0.39508E+22
           0.10849E+23 0.39508E+22-0.66636E+22
  
  EIGENVALUES AND EIGENVECTORS OF THE DC
 -0.1333074E+23   -0.4698649 -0.1711564  0.8659864
  0.0000000E+00    0.3421500 -0.9396454 -0.0000717
  0.1333074E+23   -0.8137324 -0.2962635 -0.5000675

  NODAL PLANES 
   STK=  290.00648
   DIP=   75.00364
  SLIP=  -90.00020
   OR
   STK=  110.00726
   DIP=   14.99636
  SLIP=  -89.99925
  
            X-DIR          Y-DIR          Z-DIR
  X:      -0.9077196     -0.3302981      0.2587437
  Y:       0.2431377      0.0885006      0.9659460
  Z:       0.3419491     -0.9397185      0.0000000
  T:       0.8137790      0.2961354      0.5000675
  P:      -0.4699303     -0.1709766      0.8659864
  
        TREND       PLUNGE
  X    199.98644    14.99139
  Y     20.00229    75.00364
  Z    289.99181     0.00000
  T     19.99763    30.00116
  P    199.98428    59.99388
  
 CLVD: moment=sqrt(sum mij**2/2)=   6.2089606975760252E+021
      (|e1| + |e2|)/2=   5.37711781E+21
          -0.12105E+22 0.86486E+21-0.43759E+22
           0.86486E+21-0.32697E+22-0.15940E+22
          -0.43759E+22-0.15940E+22 0.44802E+22
  EIGENVALUE          AXES OF CLVD
  0.7169490E+22   -0.4698649 -0.1711564  0.8659864
 -0.3584745E+22    0.3421500 -0.9396454 -0.0000717
 -0.3584745E+22   -0.8137324 -0.2962635 -0.5000675
 Original moment tensor
           0.46735E+22 0.30066E+22 0.64729E+22
           0.30066E+22-0.24902E+22 0.23569E+22
           0.64729E+22 0.23569E+22-0.21834E+22
  
  --------------------------------------------------------------
 EVD:  -1.3330744493722323E+022   3.5847451301333235E+021   9.7459993635890072E+021
 EVP:   3.5847451301333235E+021   9.7459993635890072E+021   1.3330744493722323E+022
  
  DECOMPOSITION INTO A DOUBLE COUPLE AND A CRACK
  
  SEISMIC MOMENTS OF ISOTROPIC PART, DC, CRACK
 -0.8961863E+22  0.6161254E+22  0.5377118E+22
  
  EIGENVALUES AND EIGENVECTORS OF THE DC
 -0.1333074E+23   -0.4698649 -0.1711564  0.8659864
  0.0000000E+00    0.3421500 -0.9396454 -0.0000717
  0.1333074E+23   -0.8137324 -0.2962635 -0.5000675

  NODAL PLANES 
   STK=  290.00648
   DIP=   75.00364
  SLIP=  -90.00020
   OR
   STK=  110.00726
   DIP=   14.99636
  SLIP=  -89.99925
  
            X-DIR          Y-DIR          Z-DIR
  X:      -0.9077196     -0.3302981      0.2587437
  Y:       0.2431377      0.0885006      0.9659460
  Z:       0.3419491     -0.9397185      0.0000000
  T:       0.8137790      0.2961354      0.5000675
  P:      -0.4699303     -0.1709766      0.8659864
  
        TREND       PLUNGE
  X    199.98644    14.99139
  Y     20.00229    75.00364
  Z    289.99181     0.00000
  T     19.99763    30.00116
  P    199.98428    59.99388
  
  EIGENVALUE          AXES OF CRACK
        3   -0.4698649 -0.1711564  0.8659864
        1    0.3421500 -0.9396454 -0.0000717
        1   -0.8137324 -0.2962635 -0.5000675
