  
  INPUT MOMENT TENSOR
  0.4060000E+22  0.1210000E+21  0.9130000E+22
  0.1210000E+21  0.3770000E+22  0.3320000E+22
  0.9130000E+22  0.3320000E+22 -0.7120000E+22
  EIGENVALUES AND EIGENVECTOR OF M(i,j)
     1 -0.1273E+23  (-0.4698E+00,-0.1708E+00, 0.8661E+00)
     2  0.3726E+22  ( 0.3417E+00,-0.9398E+00,-0.3961E-04)
     3  0.9711E+22  (-0.8140E+00,-0.2959E+00,-0.4999E+00)
   EIGENVALUES               EIGENVECTORS
     1 -0.1273E+23  (-0.4698E+00,-0.1708E+00, 0.8661E+00)
     2  0.3726E+22  ( 0.3417E+00,-0.9398E+00,-0.3961E-04)
     3  0.9711E+22  (-0.8140E+00,-0.2959E+00,-0.4999E+00)
  
 Input: moment=sqrt(sum mij**2/2)=   1.1622796178200841E+022
      (|e1| + |e2|)/2=   1.12193145E+22
           0.40600E+22 0.12100E+21 0.91300E+22
           0.12100E+21 0.37700E+22 0.33200E+22
           0.91300E+22 0.33200E+22-0.71200E+22
  SEISMIC MOMENT OF THE INPUT MOMENT TENSOR:   0.1162280E+23
  
  ISOTROPIC COMPONENT (TRACE OF MOMENT TENSOR):   0.7100000E+21
  
  INPUT MOMENT TENSOR IS PARTIALLY DUE TO AN EXPLOSION
 Deviatoric: moment=sqrt(sum mij**2/2)=   1.1619181310803844E+022
      (|e1| + |e2|)/2=   1.12193145E+22
           0.38233E+22 0.12100E+21 0.91300E+22
           0.12100E+21 0.35333E+22 0.33200E+22
           0.91300E+22 0.33200E+22-0.73567E+22
  EIGENVALUES OF THE PURELY DEVIATORIC MOMENT TENSOR
 -0.1296405E+23  0.3489479E+22  0.9474575E+22
  
  SORTED EIGENVALUES
  0.3489479E+22  0.9474575E+22  0.1296405E+23
  EPSILON    % OF CLVD     % OF DC
  0.269166   53.833148   46.166852
  LUNE PARAMETERS
  beta:   88.57 gamma:  15.08
  
  --------------------------------------------------------------
  
  DECOMPOSITION INTO MAJOR AND MINOR DOUBLE COUPLE
  
  SEISMIC MOMENT OF ISOTROPIC PART, MAJOR, AND MINOR COUPLE
  0.2366667E+21  0.1296405E+23  0.3489479E+22
  
  EIGENVALUES AND EIGENVECTORS OF THE MAJOR DC
     1 -0.1296E+23  (-0.4698E+00,-0.1708E+00, 0.8661E+00)
     2  0.0000E+00  ( 0.3417E+00,-0.9398E+00,-0.3961E-04)
     3  0.1296E+23  (-0.8140E+00,-0.2959E+00,-0.4999E+00)

  NODAL PLANES 
   STK=  289.97865
   DIP=   74.99248
  SLIP=  -90.00210
   OR
   STK=  109.98677
   DIP=   15.00752
  SLIP=  -89.99215
  
            X-DIR          Y-DIR          Z-DIR
  X:      -0.9078326     -0.3298399      0.2589319
  Y:       0.2433462      0.0884780      0.9658956
  Z:       0.3415007     -0.9398815      0.0000000
  T:       0.8140063      0.2957954      0.4998989
  P:      -0.4698628     -0.1706686      0.8660838
  
        TREND       PLUNGE
  X    199.95861    15.00255
  Y     19.98181    74.99248
  Z    289.96446     0.00000
  T     19.97135    29.99000
  P    199.95375    60.00504
  
  EIGENVALUES AND EIGENVECTORS OF THE MINOR DC
     1  0.0000E+00  (-0.4698E+00,-0.1708E+00, 0.8661E+00)
     2  0.3489E+22  ( 0.3417E+00,-0.9398E+00,-0.3961E-04)
     3 -0.3489E+22  (-0.8140E+00,-0.2959E+00,-0.4999E+00)

  NODAL PLANES 
   STK=   60.88020
   DIP=   69.30098
  SLIP=  -22.19887
   OR
   STK=  159.08770
   DIP=   69.30250
  SLIP= -157.79973
  
            X-DIR          Y-DIR          Z-DIR
  X:       0.3340270      0.8737655      0.3534965
  Y:       0.8170635     -0.4553980      0.3535815
  Z:      -0.4699290     -0.1707233      0.8660371
  T:       0.3415584     -0.9398606      0.0000000
  P:       0.8139439      0.2958305      0.4999797
  
        TREND       PLUNGE
  X     69.08273    20.69750
  Y    330.86487    20.70271
  Z    199.95705    59.99969
  T    289.96798     0.00000
  P     19.97494    29.99535
  
  --------------------------------------------------------------
  
  DECOMPOSITION INTO THREE DOUBLE COUPLES
  
  SEISMIC MOMENTS OF ISOTROPIC PART, EMT1, EMT2, EMT3
  0.2366667E+21  0.5484511E+22  0.1995032E+22  0.7479543E+22
  
  EMT1
 -0.1039497E+00 -0.4013982E+00  0.4068705E+00
 -0.4013982E+00  0.8540509E+00  0.1480063E+00
  0.4068705E+00  0.1480063E+00 -0.7501011E+00
  
  
  EIGENVALUES                EIGENVECTORS
 -0.1000000E+01   -0.1039497 -0.4013982  0.4068705
 -0.2220446E-15   -0.4013982  0.8540509  0.1480063
  0.1000000E+01    0.4068705  0.1480063 -0.7501011

  NODAL PLANES 
   STK=  210.79980
   DIP=   65.87350
  SLIP=  135.70479
   OR
   STK=  322.54281
   DIP=   50.40545
  SLIP=   32.03602
  
            X-DIR          Y-DIR          Z-DIR
  X:      -0.4670782      0.7840849      0.4087160
  Y:      -0.4688099     -0.6115175      0.6373882
  Z:       0.7497034      0.1061000      0.6532132
  T:      -0.6617728      0.1220236      0.7397074
  P:       0.0000000     -0.9868399      0.1616956
  
        TREND       PLUNGE
  X    120.78886    24.12057
  Y    232.51798    39.59455
  Z      8.05560    40.78159
  T    169.56199    47.70416
  P    269.92394     9.30088
  
  EMT2
  0.5457705E+00  0.5620038E+00  0.4069110E+00
  0.5620038E+00 -0.7956693E+00  0.1478946E+00
  0.4069110E+00  0.1478946E+00  0.2498988E+00
  
  
  EIGENVALUES                EIGENVECTORS
 -0.1000000E+01    0.5457705  0.5620038  0.4069110
 -0.2220446E-15    0.5620038 -0.7956693  0.1478946
  0.1000000E+01    0.4069110  0.1478946  0.2498988

  NODAL PLANES 
   STK=  220.13523
   DIP=   69.70264
  SLIP= -158.93633
   OR
   STK=  122.52546
   DIP=   70.30045
  SLIP=  -21.62049
  
            X-DIR          Y-DIR          Z-DIR
  X:      -0.6045016      0.7171206      0.3468658
  Y:       0.7938460      0.5061001      0.3371517
  Z:      -0.0662296     -0.4791668      0.8752216
  T:      -0.9887811      0.1492140      0.0000000
  P:       0.1338867      0.8649476      0.4836734
  
        TREND       PLUNGE
  X    130.13662    20.29189
  Y     32.52050    19.69955
  Z    262.12514    61.06962
  T    171.42787     0.38862
  P     81.20540    28.92222
  
  EMT3
  0.4418207E+00  0.1606057E+00  0.8137815E+00
  0.1606057E+00  0.5838155E-01  0.2959009E+00
  0.8137815E+00  0.2959009E+00 -0.5002023E+00
  
  
  EIGENVALUES                EIGENVECTORS
 -0.1000000E+01    0.4418207  0.1606057  0.8137815
  0.4892306E-17    0.1606057  0.0583816  0.2959009
  0.1000000E+01    0.8137815  0.2959009 -0.5002023

  NODAL PLANES 
   STK=  109.97494
   DIP=   77.77249
  SLIP=  -89.99757
   OR
   STK=  289.96347
   DIP=   12.22751
  SLIP=  -90.01121
  
            X-DIR          Y-DIR          Z-DIR
  X:      -0.1990769     -0.0722514      0.9773168
  Y:       0.9186463      0.3335223      0.2117826
  Z:       0.3412585     -0.9399695      0.0000000
  T:      -0.7903496     -0.2869253      0.5413145
  P:       0.5088124      0.1847464      0.8408203
  
        TREND       PLUNGE
  X    199.93863    77.77249
  Y     19.95496    12.22254
  Z    289.94970     0.00000
  T    199.94388    32.77001
  P     19.95672    57.22503
  
  --------------------------------------------------------------
  
  DECOMPOSITION INTO THREE VECTOR DIPOLES
  
  SEISMIC MOMENTS OF ISOTROPIC PART, EMT1, EMT2, EMT3
  0.2366667E+21  0.3489479E+22  0.9474575E+22  0.1296405E+23
  
            DIPOLE AXES
  0.3417015 -0.9398085 -0.0000396
 -0.8139597 -0.2959235 -0.4998988
 -0.4697975 -0.1708484  0.8660838
  
  --------------------------------------------------------------
  
  DECOMPOSITION INTO THREE COMPENSATED LINEAR VECTOR DIPOLES
  
  SEISMIC MOMENTS OF ISOTROPIC PART, EMT1, EMT2, EMT3
  0.2366667E+21  0.2151291E+22  0.5606788E+22  0.7348161E+22
  
  EIGENVALUE          AXES OF CLVD
       -1   -0.4697975 -0.1708484  0.8660838
        2    0.3417015 -0.9398085 -0.0000396
       -1   -0.8139597 -0.2959235 -0.4998988
  
  EIGENVALUE          AXES OF CLVD
       -1   -0.4697975 -0.1708484  0.8660838
       -1    0.3417015 -0.9398085 -0.0000396
        2   -0.8139597 -0.2959235 -0.4998988
  
  EIGENVALUE          AXES OF CLVD
        2   -0.4697975 -0.1708484  0.8660838
       -1    0.3417015 -0.9398085 -0.0000396
       -1   -0.8139597 -0.2959235 -0.4998988
  
  --------------------------------------------------------------
  
  DECOMPOSITION INTO A DOUBLE COUPLE AND A CLVD
  
  SEISMIC MOMENTS OF ISOTROPIC PART, DC, CLVD
  0.2366667E+21  0.5985096E+22  0.3489479E+22
 Isotropic: moment=sqrt(sum mij**2/2)=   2.8985628622934465E+020
      (|e1| + |e2|)/2=   2.36666641E+20
           0.23667E+21 0.00000E+00 0.00000E+00
           0.00000E+00 0.23667E+21 0.00000E+00
           0.00000E+00 0.00000E+00 0.23667E+21
 Double couple: moment=sqrt(sum mij**2/2)=   1.2964054468667558E+022
      (|e1| + |e2|)/2=   1.29640540E+22
           0.57278E+22 0.20821E+22 0.10550E+23
           0.20821E+22 0.75686E+21 0.38361E+22
           0.10550E+23 0.38361E+22-0.64846E+22
  
  EIGENVALUES AND EIGENVECTORS OF THE DC
 -0.1296405E+23   -0.4697975 -0.1708484  0.8660838
  0.0000000E+00    0.3417015 -0.9398085 -0.0000396
  0.1296405E+23   -0.8139597 -0.2959235 -0.4998988

  NODAL PLANES 
   STK=  289.97865
   DIP=   74.99248
  SLIP=  -90.00210
   OR
   STK=  109.98677
   DIP=   15.00752
  SLIP=  -89.99215
  
            X-DIR          Y-DIR          Z-DIR
  X:      -0.9078326     -0.3298399      0.2589319
  Y:       0.2433462      0.0884780      0.9658956
  Z:       0.3415007     -0.9398815      0.0000000
  T:       0.8140063      0.2957954      0.4998989
  P:      -0.4698628     -0.1706686      0.8660838
  
        TREND       PLUNGE
  X    199.95861    15.00255
  Y     19.98181    74.99248
  Z    289.96446     0.00000
  T     19.97135    29.99000
  P    199.95375    60.00504
  
 CLVD: moment=sqrt(sum mij**2/2)=   6.0439554412633957E+021
      (|e1| + |e2|)/2=   5.23421916E+21
          -0.11790E+22 0.84024E+21-0.42594E+22
           0.84024E+21-0.31839E+22-0.15490E+22
          -0.42594E+22-0.15490E+22 0.43629E+22
  EIGENVALUE          AXES OF CLVD
  0.6978959E+22   -0.4697975 -0.1708484  0.8660838
 -0.3489479E+22    0.3417015 -0.9398085 -0.0000396
 -0.3489479E+22   -0.8139597 -0.2959235 -0.4998988
 Original moment tensor
           0.47855E+22 0.29223E+22 0.62905E+22
           0.29223E+22-0.21904E+22 0.22871E+22
           0.62905E+22 0.22871E+22-0.18851E+22
  
  --------------------------------------------------------------
 EVD:  -1.2964054468667556E+022   3.4894793009835236E+021   9.4745751676840334E+021
 EVP:   3.4894793009835236E+021   9.4745751676840334E+021   1.2964054468667556E+022
  
  DECOMPOSITION INTO A DOUBLE COUPLE AND A CRACK
  
  SEISMIC MOMENTS OF ISOTROPIC PART, DC, CRACK
 -0.8487032E+22  0.5985096E+22  0.5234219E+22
  
  EIGENVALUES AND EIGENVECTORS OF THE DC
 -0.1296405E+23   -0.4697975 -0.1708484  0.8660838
  0.0000000E+00    0.3417015 -0.9398085 -0.0000396
  0.1296405E+23   -0.8139597 -0.2959235 -0.4998988

  NODAL PLANES 
   STK=  289.97865
   DIP=   74.99248
  SLIP=  -90.00210
   OR
   STK=  109.98677
   DIP=   15.00752
  SLIP=  -89.99215
  
            X-DIR          Y-DIR          Z-DIR
  X:      -0.9078326     -0.3298399      0.2589319
  Y:       0.2433462      0.0884780      0.9658956
  Z:       0.3415007     -0.9398815      0.0000000
  T:       0.8140063      0.2957954      0.4998989
  P:      -0.4698628     -0.1706686      0.8660838
  
        TREND       PLUNGE
  X    199.95861    15.00255
  Y     19.98181    74.99248
  Z    289.96446     0.00000
  T     19.97135    29.99000
  P    199.95375    60.00504
  
  EIGENVALUE          AXES OF CRACK
        3   -0.4697975 -0.1708484  0.8660838
        1    0.3417015 -0.9398085 -0.0000396
        1   -0.8139597 -0.2959235 -0.4998988
