  
  INPUT MOMENT TENSOR
  0.4100001E+22  0.3000000E+21  0.8799999E+22
  0.3000000E+21  0.3600000E+22  0.2800000E+22
  0.8799999E+22  0.2800000E+22 -0.7699997E+22
  EIGENVALUES AND EIGENVECTOR OF M(i,j)
     1 -0.1273E+23  (-0.4567E+00,-0.1422E+00, 0.8782E+00)
     2  0.3471E+22  ( 0.3146E+00,-0.9492E+00, 0.9889E-02)
     3  0.9258E+22  (-0.8322E+00,-0.2808E+00,-0.4782E+00)
   EIGENVALUES               EIGENVECTORS
     1 -0.1273E+23  (-0.4567E+00,-0.1422E+00, 0.8782E+00)
     2  0.3471E+22  ( 0.3146E+00,-0.9492E+00, 0.9889E-02)
     3  0.9258E+22  (-0.8322E+00,-0.2808E+00,-0.4782E+00)
  
 Input: moment=sqrt(sum mij**2/2)=   1.1397366511611622E+022
      (|e1| + |e2|)/2=   1.09937247E+22
           0.41000E+22 0.30000E+21 0.88000E+22
           0.30000E+21 0.36000E+22 0.28000E+22
           0.88000E+22 0.28000E+22-0.77000E+22
  SEISMIC MOMENT OF THE INPUT MOMENT TENSOR:   0.1139737E+23
  
  ISOTROPIC COMPONENT (TRACE OF MOMENT TENSOR):   0.4000000E+16
  
  INPUT MOMENT TENSOR IS PARTIALLY DUE TO AN EXPLOSION
 Deviatoric: moment=sqrt(sum mij**2/2)=   1.1397366511611505E+022
      (|e1| + |e2|)/2=   1.09937235E+22
           0.41000E+22 0.30000E+21 0.88000E+22
           0.30000E+21 0.36000E+22 0.28000E+22
           0.88000E+22 0.28000E+22-0.77000E+22
  EIGENVALUES OF THE PURELY DEVIATORIC MOMENT TENSOR
 -0.1272943E+23  0.3471406E+22  0.9258021E+22
  
  SORTED EIGENVALUES
  0.3471406E+22  0.9258021E+22  0.1272943E+23
  EPSILON    % OF CLVD     % OF DC
  0.272707   54.541430   45.458570
  LUNE PARAMETERS
  beta:   90.00 gamma:  15.29
  
  --------------------------------------------------------------
  
  DECOMPOSITION INTO MAJOR AND MINOR DOUBLE COUPLE
  
  SEISMIC MOMENT OF ISOTROPIC PART, MAJOR, AND MINOR COUPLE
  0.1333333E+16  0.1272943E+23  0.3471406E+22
  
  EIGENVALUES AND EIGENVECTORS OF THE MAJOR DC
     1 -0.1273E+23  (-0.4567E+00,-0.1422E+00, 0.8782E+00)
     2  0.0000E+00  ( 0.3146E+00,-0.9492E+00, 0.9889E-02)
     3  0.1273E+23  (-0.8322E+00,-0.2808E+00,-0.4782E+00)

  NODAL PLANES 
   STK=  288.16599
   DIP=   73.56890
  SLIP=  -90.59515
   OR
   STK=  110.26914
   DIP=   16.44158
  SLIP=  -87.98278
  
            X-DIR          Y-DIR          Z-DIR
  X:      -0.9114160     -0.2988627      0.2828461
  Y:       0.2655068      0.0980193      0.9591133
  Z:       0.3143676     -0.9492488      0.0000000
  T:       0.8322101      0.2806380      0.4781932
  P:      -0.4567268     -0.1420177      0.8781979
  
        TREND       PLUNGE
  X    198.14592    16.42608
  Y     20.26417    73.55842
  Z    288.31963     0.56725
  T     18.63617    28.56407
  P    197.26393    61.42416
  
  EIGENVALUES AND EIGENVECTORS OF THE MINOR DC
     1  0.0000E+00  (-0.4567E+00,-0.1422E+00, 0.8782E+00)
     2  0.3471E+22  ( 0.3146E+00,-0.9492E+00, 0.9889E-02)
     3 -0.3471E+22  (-0.8322E+00,-0.2808E+00,-0.4782E+00)

  NODAL PLANES 
   STK=  157.17455
   DIP=   70.66166
  SLIP= -158.55052
   OR
   STK=   59.76174
   DIP=   69.81522
  SLIP=  -20.65954
  
            X-DIR          Y-DIR          Z-DIR
  X:       0.3660780      0.8696817      0.3311203
  Y:       0.8108324     -0.4727034      0.3451120
  Z:      -0.4566592     -0.1421452      0.8782124
  T:       0.3144889     -0.9492096      0.0000000
  P:       0.8322014      0.2807061      0.4781684
  
        TREND       PLUNGE
  X     67.17586    19.33289
  Y    329.75677    20.18478
  Z    197.28092    61.42590
  T    288.32693     0.56194
  P     18.64056    28.56246
  
  --------------------------------------------------------------
  
  DECOMPOSITION INTO THREE DOUBLE COUPLES
  
  SEISMIC MOMENTS OF ISOTROPIC PART, EMT1, EMT2, EMT3
  0.1333333E+16  0.5400278E+22  0.1928872E+22  0.7329149E+22
  
  EMT1
 -0.1095952E+00 -0.3635175E+00  0.4041576E+00
 -0.3635175E+00  0.8807308E+00  0.1154889E+00
  0.4041576E+00  0.1154889E+00 -0.7711356E+00
  
  
  EIGENVALUES                EIGENVECTORS
 -0.1000000E+01   -0.1095952 -0.3635175  0.4041576
 -0.5551115E-15   -0.3635175  0.8807308  0.1154889
  0.1000000E+01    0.4041576  0.1154889 -0.7711356

  NODAL PLANES 
   STK=  206.41072
   DIP=   64.87486
  SLIP=  133.97028
   OR
   STK=  320.16690
   DIP=   49.33737
  SLIP=   34.03788
  
            X-DIR          Y-DIR          Z-DIR
  X:      -0.4024791      0.8110243      0.4245588
  Y:      -0.4860576     -0.5823345      0.6516399
  Z:       0.7757310      0.0559114      0.6285820
  T:      -0.6282903      0.1617081      0.7609874
  P:      -0.0590989     -0.9852535      0.1605706
  
        TREND       PLUNGE
  X    116.39980    25.11916
  Y    230.14207    40.66263
  Z      4.12274    38.94276
  T    165.57573    49.54909
  P    266.56216     9.23556
  
  EMT2
  0.5935484E+00  0.5322271E+00  0.3948256E+00
  0.5322271E+00 -0.8221195E+00  0.1436475E+00
  0.3948256E+00  0.1436475E+00  0.2285711E+00
  
  
  EIGENVALUES                EIGENVECTORS
 -0.1000000E+01    0.5935484  0.5322271  0.3948256
 -0.2220446E-15    0.5322271 -0.8221195  0.1436475
  0.1000000E+01    0.3948256  0.1436475  0.2285711

  NODAL PLANES 
   STK=  219.44982
   DIP=   65.40846
  SLIP= -159.52684
   OR
   STK=  120.61846
   DIP=   71.45534
  SLIP=  -26.03613
  
            X-DIR          Y-DIR          Z-DIR
  X:      -0.5777122      0.7022083      0.4161155
  Y:       0.8159306      0.4827670      0.3181089
  Z:      -0.0224919     -0.5232968      0.8518536
  T:      -0.9854543      0.1551684      0.0693011
  P:       0.1684459      0.8379041      0.5191751
  
        TREND       PLUNGE
  X    129.45154    24.58598
  Y     30.61350    18.54466
  Z    267.53377    58.41211
  T    171.06118     3.96910
  P     78.63754    31.27370
  
  EMT3
  0.4839532E+00  0.1687096E+00  0.7989833E+00
  0.1687096E+00  0.5861131E-01  0.2591365E+00
  0.7989833E+00  0.2591365E+00 -0.5425645E+00
  
  
  EIGENVALUES                EIGENVECTORS
 -0.1000000E+01    0.4839532  0.1687096  0.7989833
  0.1162537E-15    0.1687096  0.0586113  0.2591365
  0.1000000E+01    0.7989833  0.2591365 -0.5425645

  NODAL PLANES 
   STK=  108.48605
   DIP=   79.91150
  SLIP=  -89.35218
   OR
   STK=  284.79275
   DIP=   10.10907
  SLIP=  -93.63612
  
            X-DIR          Y-DIR          Z-DIR
  X:      -0.1697080     -0.0447660      0.9844771
  Y:       0.9338527      0.3118300      0.1751606
  Z:       0.3148307     -0.9490828      0.0111152
  T:      -0.7803352     -0.2521514      0.5722732
  P:       0.5403319      0.1888427      0.8199877
  
        TREND       PLUNGE
  X    194.76791    79.89093
  Y     18.46610    10.08359
  Z    288.34781     0.63193
  T    197.89837    34.90586
  P     19.26527    55.08164
  
  --------------------------------------------------------------
  
  DECOMPOSITION INTO THREE VECTOR DIPOLES
  
  SEISMIC MOMENTS OF ISOTROPIC PART, EMT1, EMT2, EMT3
  0.1333333E+16  0.3471406E+22  0.9258021E+22  0.1272943E+23
  
            DIPOLE AXES
  0.3145666 -0.9491839  0.0098887
 -0.8321662 -0.2807679 -0.4781933
 -0.4566698 -0.1421946  0.8781989
  
  --------------------------------------------------------------
  
  DECOMPOSITION INTO THREE COMPENSATED LINEAR VECTOR DIPOLES
  
  SEISMIC MOMENTS OF ISOTROPIC PART, EMT1, EMT2, EMT3
  0.1333333E+16  0.2004218E+22  0.5345122E+22  0.7349337E+22
  
  EIGENVALUE          AXES OF CLVD
       -1   -0.4566698 -0.1421946  0.8781989
        2    0.3145666 -0.9491839  0.0098887
       -1   -0.8321662 -0.2807679 -0.4781933
  
  EIGENVALUE          AXES OF CLVD
       -1   -0.4566698 -0.1421946  0.8781989
       -1    0.3145666 -0.9491839  0.0098887
        2   -0.8321662 -0.2807679 -0.4781933
  
  EIGENVALUE          AXES OF CLVD
        2   -0.4566698 -0.1421946  0.8781989
       -1    0.3145666 -0.9491839  0.0098887
       -1   -0.8321662 -0.2807679 -0.4781933
  
  --------------------------------------------------------------
  
  DECOMPOSITION INTO A DOUBLE COUPLE AND A CLVD
  
  SEISMIC MOMENTS OF ISOTROPIC PART, DC, CLVD
  0.1333333E+16  0.5786615E+22  0.3471406E+22
 Isotropic: moment=sqrt(sum mij**2/2)=   1632993161587902.5     
      (|e1| + |e2|)/2=   1.33333314E+15
           0.13333E+16 0.00000E+00 0.00000E+00
           0.00000E+00 0.13333E+16 0.00000E+00
           0.00000E+00 0.00000E+00 0.13333E+16
 Double couple: moment=sqrt(sum mij**2/2)=   1.2729426992896036E+022
      (|e1| + |e2|)/2=   1.27294266E+22
           0.61604E+22 0.21476E+22 0.10171E+23
           0.21476E+22 0.74609E+21 0.32987E+22
           0.10171E+23 0.32987E+22-0.69065E+22
  
  EIGENVALUES AND EIGENVECTORS OF THE DC
 -0.1272943E+23   -0.4566698 -0.1421946  0.8781989
  0.0000000E+00    0.3145666 -0.9491839  0.0098887
  0.1272943E+23   -0.8321662 -0.2807679 -0.4781933

  NODAL PLANES 
   STK=  288.16599
   DIP=   73.56890
  SLIP=  -90.59515
   OR
   STK=  110.26914
   DIP=   16.44158
  SLIP=  -87.98278
  
            X-DIR          Y-DIR          Z-DIR
  X:      -0.9114160     -0.2988627      0.2828461
  Y:       0.2655068      0.0980193      0.9591133
  Z:       0.3143676     -0.9492488      0.0000000
  T:       0.8322101      0.2806380      0.4781932
  P:      -0.4567268     -0.1420177      0.8781979
  
        TREND       PLUNGE
  X    198.14592    16.42608
  Y     20.26417    73.55842
  Z    288.31963     0.56725
  T     18.63617    28.56407
  P    197.26393    61.42416
  
 CLVD: moment=sqrt(sum mij**2/2)=   6.0126511300692819E+021
      (|e1| + |e2|)/2=   5.20710861E+21
          -0.12995E+22 0.67626E+21-0.41766E+22
           0.67626E+21-0.32608E+22-0.13005E+22
          -0.41766E+22-0.13005E+22 0.45604E+22
  EIGENVALUE          AXES OF CLVD
  0.6942811E+22   -0.4566698 -0.1421946  0.8781989
 -0.3471406E+22    0.3145666 -0.9491839  0.0098887
 -0.3471406E+22   -0.8321662 -0.2807679 -0.4781933
 Original moment tensor
           0.48609E+22 0.28238E+22 0.59940E+22
           0.28238E+22-0.25147E+22 0.19982E+22
           0.59940E+22 0.19982E+22-0.23461E+22
  
  --------------------------------------------------------------
 EVD:  -1.2729426992896030E+022   3.4714057484888063E+021   9.2580212444072226E+021
 EVP:   3.4714057484888063E+021   9.2580212444072226E+021   1.2729426992896030E+022
  
  DECOMPOSITION INTO A DOUBLE COUPLE AND A CRACK
  
  SEISMIC MOMENTS OF ISOTROPIC PART, DC, CRACK
 -0.8678513E+22  0.5786615E+22  0.5207109E+22
  
  EIGENVALUES AND EIGENVECTORS OF THE DC
 -0.1272943E+23   -0.4566698 -0.1421946  0.8781989
  0.0000000E+00    0.3145666 -0.9491839  0.0098887
  0.1272943E+23   -0.8321662 -0.2807679 -0.4781933

  NODAL PLANES 
   STK=  288.16599
   DIP=   73.56890
  SLIP=  -90.59515
   OR
   STK=  110.26914
   DIP=   16.44158
  SLIP=  -87.98278
  
            X-DIR          Y-DIR          Z-DIR
  X:      -0.9114160     -0.2988627      0.2828461
  Y:       0.2655068      0.0980193      0.9591133
  Z:       0.3143676     -0.9492488      0.0000000
  T:       0.8322101      0.2806380      0.4781932
  P:      -0.4567268     -0.1420177      0.8781979
  
        TREND       PLUNGE
  X    198.14592    16.42608
  Y     20.26417    73.55842
  Z    288.31963     0.56725
  T     18.63617    28.56407
  P    197.26393    61.42416
  
  EIGENVALUE          AXES OF CRACK
        3   -0.4566698 -0.1421946  0.8781989
        1    0.3145666 -0.9491839  0.0098887
        1   -0.8321662 -0.2807679 -0.4781933
