  
  INPUT MOMENT TENSOR
  0.6160381E+22  0.2148201E+22  0.1017061E+23
  0.2148201E+22  0.7464939E+21  0.3297876E+22
  0.1017061E+23  0.3297876E+22 -0.6906875E+22
  EIGENVALUES AND EIGENVECTOR OF M(i,j)
     1 -0.1273E+23  ( 0.4567E+00, 0.1421E+00,-0.8782E+00)
     2  0.4468E+15  ( 0.3145E+00,-0.9492E+00, 0.9963E-02)
     3  0.1273E+23  ( 0.8322E+00, 0.2808E+00, 0.4782E+00)
   EIGENVALUES               EIGENVECTORS
     1 -0.1273E+23  ( 0.4567E+00, 0.1421E+00,-0.8782E+00)
     2  0.4468E+15  ( 0.3145E+00,-0.9492E+00, 0.9963E-02)
     3  0.1273E+23  ( 0.8322E+00, 0.2808E+00, 0.4782E+00)
  
 Input: moment=sqrt(sum mij**2/2)=   1.2729426387572944E+022
      (|e1| + |e2|)/2=   1.27294266E+22
           0.61604E+22 0.21482E+22 0.10171E+23
           0.21482E+22 0.74649E+21 0.32979E+22
           0.10171E+23 0.32979E+22-0.69069E+22
  SEISMIC MOMENT OF THE INPUT MOMENT TENSOR:   0.1272943E+23
  
  ISOTROPIC COMPONENT (TRACE OF MOMENT TENSOR):  -0.1000000E+15
  
  INPUT MOMENT TENSOR IS PARTIALLY DUE TO AN IMPLOSION
 Deviatoric: moment=sqrt(sum mij**2/2)=   1.2729426387572946E+022
      (|e1| + |e2|)/2=   1.27294266E+22
           0.61604E+22 0.21482E+22 0.10171E+23
           0.21482E+22 0.74649E+21 0.32979E+22
           0.10171E+23 0.32979E+22-0.69069E+22
  EIGENVALUES OF THE PURELY DEVIATORIC MOMENT TENSOR
 -0.1272943E+23  0.4801092E+15  0.1272943E+23
  
  SORTED EIGENVALUES
  0.4801092E+15  0.1272943E+23  0.1272943E+23
  EPSILON    % OF CLVD     % OF DC
  0.000000    0.000008   99.999992
  LUNE PARAMETERS
  beta:   90.00 gamma:   0.00
  
  --------------------------------------------------------------
  
  DECOMPOSITION INTO MAJOR AND MINOR DOUBLE COUPLE
  
  SEISMIC MOMENT OF ISOTROPIC PART, MAJOR, AND MINOR COUPLE
 -0.3333333E+14  0.1272943E+23  0.4801092E+15
  
  EIGENVALUES AND EIGENVECTORS OF THE MAJOR DC
     1 -0.1273E+23  ( 0.4567E+00, 0.1421E+00,-0.8782E+00)
     2  0.0000E+00  ( 0.3145E+00,-0.9492E+00, 0.9963E-02)
     3  0.1273E+23  ( 0.8322E+00, 0.2808E+00, 0.4782E+00)

  NODAL PLANES 
   STK=  288.16349
   DIP=   73.56798
  SLIP=  -90.59958
   OR
   STK=  110.28218
   DIP=   16.44266
  SLIP=  -87.96788
  
            X-DIR          Y-DIR          Z-DIR
  X:      -0.9114247     -0.2988215      0.2828616
  Y:       0.2655014      0.0980860      0.9591080
  Z:       0.3143469     -0.9492549      0.0100605
  T:       0.8322125      0.2806560      0.4781784
  P:      -0.4567368     -0.1419414      0.8782051
  
        TREND       PLUNGE
  X    198.14342    16.42701
  Y     20.27721    73.55734
  Z    288.31840     0.57150
  T     18.63724    28.56311
  P    197.25485    61.42502
  
  EIGENVALUES AND EIGENVECTORS OF THE MINOR DC
     1  0.0000E+00  ( 0.4567E+00, 0.1421E+00,-0.8782E+00)
     2  0.4801E+15  ( 0.3145E+00,-0.9492E+00, 0.9963E-02)
     3 -0.4801E+15  ( 0.8322E+00, 0.2808E+00, 0.4782E+00)

  NODAL PLANES 
   STK=  157.17404
   DIP=   70.66547
  SLIP= -158.54830
   OR
   STK=   59.76179
   DIP=   69.81266
  SLIP=  -20.65579
  
            X-DIR          Y-DIR          Z-DIR
  X:       0.3660943      0.8696988      0.3310574
  Y:       0.8108195     -0.4726949      0.3451540
  Z:      -0.4566692     -0.1420689      0.8782196
  T:       0.3144682     -0.9492157      0.0000000
  P:       0.8322037      0.2807241      0.4781537
  
        TREND       PLUNGE
  X     67.17535    19.32907
  Y    329.75682    20.18734
  Z    197.27184    61.42676
  T    288.32570     0.56619
  P     18.64163    28.56150
  
  --------------------------------------------------------------
  
  DECOMPOSITION INTO THREE DOUBLE COUPLES
  
  SEISMIC MOMENTS OF ISOTROPIC PART, EMT1, EMT2, EMT3
 -0.3333333E+14  0.4243142E+22  0.4243142E+22  0.8486284E+22
  
  EMT1
 -0.1096173E+00 -0.3634663E+00  0.4041928E+00
 -0.3634663E+00  0.8807640E+00  0.1153525E+00
  0.4041928E+00  0.1153525E+00 -0.7711467E+00
  
  
  EIGENVALUES                EIGENVECTORS
 -0.1000000E+01   -0.1096173 -0.3634663  0.4041928
  0.3330669E-15   -0.3634663  0.8807640  0.1153525
  0.1000000E+01    0.4041928  0.1153525 -0.7711467

  NODAL PLANES 
   STK=  206.40306
   DIP=   64.88015
  SLIP=  133.96872
   OR
   STK=  320.15624
   DIP=   49.33394
  SLIP=   34.03224
  
            X-DIR          Y-DIR          Z-DIR
  X:      -0.4023881      0.8111132      0.4244752
  Y:      -0.4861410     -0.5822141      0.6516852
  Z:       0.7757259      0.0558756      0.6285914
  T:      -0.6282850      0.1618561      0.7609603
  P:      -0.0592222     -0.9852312      0.1606618
  
        TREND       PLUNGE
  X    116.39214    25.11387
  Y    230.13141    40.66606
  Z      4.12013    38.94346
  T    165.56295    49.54670
  P    266.55494     9.24085
  
  EMT2
  0.5935654E+00  0.5322250E+00  0.3947914E+00
  0.5322250E+00 -0.8221209E+00  0.1437225E+00
  0.3947914E+00  0.1437225E+00  0.2285555E+00
  
  
  EIGENVALUES                EIGENVECTORS
 -0.1000000E+01    0.5935654  0.5322250  0.3947914
 -0.1110223E-15    0.5322250 -0.8221209  0.1437225
  0.1000000E+01    0.3947914  0.1437225  0.2285555

  NODAL PLANES 
   STK=  219.45795
   DIP=   65.39941
  SLIP= -159.52741
   OR
   STK=  120.62385
   DIP=   71.45724
  SLIP=  -26.04549
  
            X-DIR          Y-DIR          Z-DIR
  X:      -0.5777700      0.7020755      0.4162592
  Y:       0.8158943      0.4828491      0.3180775
  Z:      -0.0223240     -0.5233991      0.8517951
  T:      -0.9854695      0.1550165      0.0694250
  P:       0.1683793      0.8378683      0.5192545
  
        TREND       PLUNGE
  X    129.45967    24.59503
  Y     30.61889    18.54276
  Z    267.55260    58.40572
  T    171.06994     3.97621
  P     78.64145    31.27902
  
  EMT3
  0.4839481E+00  0.1687587E+00  0.7989842E+00
  0.1687587E+00  0.5864314E-01  0.2590750E+00
  0.7989842E+00  0.2590750E+00 -0.5425912E+00
  
  
  EIGENVALUES                EIGENVECTORS
 -0.1000000E+01    0.4839481  0.1687587  0.7989842
  0.5684994E-16    0.1687587  0.0586431  0.2590750
  0.1000000E+01    0.7989842  0.2590750 -0.5425912

  NODAL PLANES 
   STK=  108.48596
   DIP=   79.91236
  SLIP=  -89.34737
   OR
   STK=  284.76501
   DIP=   10.10852
  SLIP=  -93.66335
  
            X-DIR          Y-DIR          Z-DIR
  X:      -0.1697205     -0.0446814      0.9844788
  Y:       0.9338557      0.3118293      0.1751459
  Z:       0.3148152     -0.9490869      0.0111978
  T:      -0.7803462     -0.2520912      0.5722848
  P:       0.5403252      0.1889021      0.8199785
  
        TREND       PLUNGE
  X    194.74018    79.89148
  Y     18.46601    10.08274
  Z    288.34689     0.63667
  T    197.89413    34.90667
  P     19.27111    55.08071
  
  --------------------------------------------------------------
  
  DECOMPOSITION INTO THREE VECTOR DIPOLES
  
  SEISMIC MOMENTS OF ISOTROPIC PART, EMT1, EMT2, EMT3
 -0.3333333E+14  0.4801092E+15  0.1272943E+23  0.1272943E+23
  
            DIPOLE AXES
  0.3145459 -0.9491900  0.0099629
  0.8321685  0.2807860  0.4781786
  0.4566798  0.1421183 -0.8782061
  
  --------------------------------------------------------------
  
  DECOMPOSITION INTO THREE COMPENSATED LINEAR VECTOR DIPOLES
  
  SEISMIC MOMENTS OF ISOTROPIC PART, EMT1, EMT2, EMT3
 -0.3333333E+14  0.2579462E+15  0.7349337E+22  0.7349338E+22
  
  EIGENVALUE          AXES OF CLVD
       -1    0.4566798  0.1421183 -0.8782061
        2    0.3145459 -0.9491900  0.0099629
       -1    0.8321685  0.2807860  0.4781786
  
  EIGENVALUE          AXES OF CLVD
       -1    0.4566798  0.1421183 -0.8782061
       -1    0.3145459 -0.9491900  0.0099629
        2    0.8321685  0.2807860  0.4781786
  
  EIGENVALUE          AXES OF CLVD
        2    0.4566798  0.1421183 -0.8782061
       -1    0.3145459 -0.9491900  0.0099629
       -1    0.8321685  0.2807860  0.4781786
  
  --------------------------------------------------------------
  
  DECOMPOSITION INTO A DOUBLE COUPLE AND A CLVD
  
  SEISMIC MOMENTS OF ISOTROPIC PART, DC, CLVD
 -0.3333333E+14  0.1272943E+23  0.4801092E+15
 Isotropic: moment=sqrt(sum mij**2/2)=   40824829200227.320     
      (|e1| + |e2|)/2=   3.33333335E+13
          -0.33333E+14 0.00000E+00 0.00000E+00
           0.00000E+00-0.33333E+14 0.00000E+00
           0.00000E+00 0.00000E+00-0.33333E+14
 Double couple: moment=sqrt(sum mij**2/2)=   1.2729426627627552E+022
      (|e1| + |e2|)/2=   1.27294266E+22
           0.61604E+22 0.21482E+22 0.10171E+23
           0.21482E+22 0.74649E+21 0.32979E+22
           0.10171E+23 0.32979E+22-0.69069E+22
  
  EIGENVALUES AND EIGENVECTORS OF THE DC
 -0.1272943E+23    0.4566798  0.1421183 -0.8782061
  0.0000000E+00    0.3145459 -0.9491900  0.0099629
  0.1272943E+23    0.8321685  0.2807860  0.4781786

  NODAL PLANES 
   STK=  288.16349
   DIP=   73.56798
  SLIP=  -90.59958
   OR
   STK=  110.28218
   DIP=   16.44266
  SLIP=  -87.96788
  
            X-DIR          Y-DIR          Z-DIR
  X:      -0.9114247     -0.2988215      0.2828616
  Y:       0.2655014      0.0980860      0.9591080
  Z:       0.3143469     -0.9492549      0.0100605
  T:       0.8322125      0.2806560      0.4781784
  P:      -0.4567368     -0.1419414      0.8782051
  
        TREND       PLUNGE
  X    198.14342    16.42701
  Y     20.27721    73.55734
  Z    288.31840     0.57150
  T     18.63724    28.56311
  P    197.25485    61.42502
  
 CLVD: moment=sqrt(sum mij**2/2)=   831573575902788.75     
      (|e1| + |e2|)/2=   7.20163876E+14
          -0.17972E+15 0.93481E+14-0.57766E+15
           0.93481E+14-0.45102E+15-0.17977E+15
          -0.57766E+15-0.17977E+15 0.63074E+15
  EIGENVALUE          AXES OF CLVD
  0.9602185E+15    0.4566798  0.1421183 -0.8782061
 -0.4801092E+15    0.3145459 -0.9491900  0.0099629
 -0.4801092E+15    0.8321685  0.2807860  0.4781786
 Original moment tensor
           0.61604E+22 0.21482E+22 0.10171E+23
           0.21482E+22 0.74649E+21 0.32979E+22
           0.10171E+23 0.32979E+22-0.69069E+22
  
  --------------------------------------------------------------
 EVD:  -1.2729426627627556E+022   480109227898454.88        1.2729426147518328E+022
 EVP:   480109227898454.88        1.2729426147518328E+022   1.2729426627627556E+022
  
  DECOMPOSITION INTO A DOUBLE COUPLE AND A CRACK
  
  SEISMIC MOMENTS OF ISOTROPIC PART, DC, CRACK
 -0.1233606E+16  0.1272943E+23  0.7201638E+15
  
  EIGENVALUES AND EIGENVECTORS OF THE DC
 -0.1272943E+23    0.4566798  0.1421183 -0.8782061
  0.0000000E+00    0.3145459 -0.9491900  0.0099629
  0.1272943E+23    0.8321685  0.2807860  0.4781786

  NODAL PLANES 
   STK=  288.16349
   DIP=   73.56798
  SLIP=  -90.59958
   OR
   STK=  110.28218
   DIP=   16.44266
  SLIP=  -87.96788
  
            X-DIR          Y-DIR          Z-DIR
  X:      -0.9114247     -0.2988215      0.2828616
  Y:       0.2655014      0.0980860      0.9591080
  Z:       0.3143469     -0.9492549      0.0100605
  T:       0.8322125      0.2806560      0.4781784
  P:      -0.4567368     -0.1419414      0.8782051
  
        TREND       PLUNGE
  X    198.14342    16.42701
  Y     20.27721    73.55734
  Z    288.31840     0.57150
  T     18.63724    28.56311
  P    197.25485    61.42502
  
  EIGENVALUE          AXES OF CRACK
        3    0.4566798  0.1421183 -0.8782061
        1    0.3145459 -0.9491900  0.0099629
        1    0.8321685  0.2807860  0.4781786
