  
  INPUT MOMENT TENSOR
  0.6520000E+22  0.2140000E+22  0.1010000E+23
  0.2140000E+22  0.1410000E+22  0.3690000E+22
  0.1010000E+23  0.3690000E+22 -0.5170000E+22
  EIGENVALUES AND EIGENVECTOR OF M(i,j)
     1 -0.1137E+23  ( 0.4688E+00, 0.1717E+00,-0.8665E+00)
     2  0.6322E+21  ( 0.3428E+00,-0.9394E+00,-0.7724E-03)
     3  0.1349E+23  ( 0.8141E+00, 0.2966E+00, 0.4992E+00)
   EIGENVALUES               EIGENVECTORS
     1 -0.1137E+23  ( 0.4688E+00, 0.1717E+00,-0.8665E+00)
     2  0.6322E+21  ( 0.3428E+00,-0.9394E+00,-0.7724E-03)
     3  0.1349E+23  ( 0.8141E+00, 0.2966E+00, 0.4992E+00)
  
 Input: moment=sqrt(sum mij**2/2)=   1.2482764116973448E+022
      (|e1| + |e2|)/2=   1.24293067E+22
           0.65200E+22 0.21400E+22 0.10100E+23
           0.21400E+22 0.14100E+22 0.36900E+22
           0.10100E+23 0.36900E+22-0.51700E+22
  SEISMIC MOMENT OF THE INPUT MOMENT TENSOR:   0.1248276E+23
  
  ISOTROPIC COMPONENT (TRACE OF MOMENT TENSOR):   0.2760000E+22
  
  INPUT MOMENT TENSOR IS PARTIALLY DUE TO AN EXPLOSION
 Deviatoric: moment=sqrt(sum mij**2/2)=   1.2431805983042040E+022
      (|e1| + |e2|)/2=   1.24293078E+22
           0.56000E+22 0.21400E+22 0.10100E+23
           0.21400E+22 0.49000E+21 0.36900E+22
           0.10100E+23 0.36900E+22-0.60900E+22
  EIGENVALUES OF THE PURELY DEVIATORIC MOMENT TENSOR
 -0.1228541E+23 -0.2877966E+21  0.1257321E+23
  
  SORTED EIGENVALUES
  0.2877966E+21  0.1228541E+23  0.1257321E+23
  EPSILON    % OF CLVD     % OF DC
  0.022890    4.577935   95.422065
  LUNE PARAMETERS
  beta:   84.82 gamma:  -1.15
  
  --------------------------------------------------------------
  
  DECOMPOSITION INTO MAJOR AND MINOR DOUBLE COUPLE
  
  SEISMIC MOMENT OF ISOTROPIC PART, MAJOR, AND MINOR COUPLE
  0.9200000E+21  0.1257321E+23  0.2877966E+21
  
  EIGENVALUES AND EIGENVECTORS OF THE MAJOR DC
     1 -0.1257E+23  ( 0.4688E+00, 0.1717E+00,-0.8665E+00)
     2  0.0000E+00  ( 0.3428E+00,-0.9394E+00,-0.7724E-03)
     3  0.1257E+23  ( 0.8141E+00, 0.2966E+00, 0.4992E+00)

  NODAL PLANES 
   STK=  290.05510
   DIP=   74.94792
  SLIP=  -89.95861
   OR
   STK=  109.89573
   DIP=   15.05213
  SLIP=  -90.15390
  
            X-DIR          Y-DIR          Z-DIR
  X:       0.2441936      0.0883470      0.9656937
  Y:      -0.9072022     -0.3309817      0.2596830
  Z:      -0.3425691      0.9394924      0.0000000
  T:       0.8141598      0.2965102      0.4992250
  P:      -0.4688179     -0.1715686      0.8664722
  
        TREND       PLUNGE
  X     19.89077    74.94787
  Y    200.03505    15.04712
  Z    110.03955     0.03371
  T     20.01230    29.94542
  P    200.09178    60.04958
  
  EIGENVALUES AND EIGENVECTORS OF THE MINOR DC
     1  0.2878E+21  ( 0.4688E+00, 0.1717E+00,-0.8665E+00)
     2 -0.2878E+21  ( 0.3428E+00,-0.9394E+00,-0.7724E-03)
     3  0.0000E+00  ( 0.8141E+00, 0.2966E+00, 0.4992E+00)

  NODAL PLANES 
   STK=  353.53346
   DIP=   52.25054
  SLIP=   50.84603
   OR
   STK=  226.59483
   DIP=   52.18265
  SLIP=  129.19685
  
            X-DIR          Y-DIR          Z-DIR
  X:      -0.5737819      0.5429340      0.6131860
  Y:      -0.0890983     -0.7856295      0.6122481
  Z:       0.8141473      0.2966631      0.4991545
  T:      -0.4687271     -0.1716117      0.8665128
  P:      -0.3427231      0.9394363      0.0000000
  
        TREND       PLUNGE
  X    136.58986    37.81735
  Y    263.52440    37.74935
  Z     20.02209    29.94076
  T    200.10001    60.05424
  P    110.04894     0.03303
  
  --------------------------------------------------------------
  
  DECOMPOSITION INTO THREE DOUBLE COUPLES
  
  SEISMIC MOMENTS OF ISOTROPIC PART, EMT1, EMT2, EMT3
  0.9200000E+21  0.3999204E+22  0.4287001E+22  0.8286205E+22
  
  EMT1
 -0.1022376E+00 -0.4025118E+00  0.4058960E+00
 -0.4025118E+00  0.8530109E+00  0.1495406E+00
  0.4058960E+00  0.1495406E+00 -0.7507733E+00
  
  
  EIGENVALUES                EIGENVECTORS
 -0.1000000E+01   -0.1022376 -0.4025118  0.4058960
 -0.1110223E-15   -0.4025118  0.8530109  0.1495406
  0.1000000E+01    0.4058960  0.1495406 -0.7507733

  NODAL PLANES 
   STK=  210.98279
   DIP=   65.78575
  SLIP=  135.66449
   OR
   STK=  322.82099
   DIP=   50.40388
  SLIP=   32.15948
  
            X-DIR          Y-DIR          Z-DIR
  X:      -0.4692572      0.7820516      0.4101133
  Y:      -0.4658250     -0.6137724      0.6374092
  Z:       0.7502031      0.1080679      0.6523163
  T:      -0.6612030      0.1189914      0.7407103
  P:       0.0000000     -0.9869967      0.1607225
  
        TREND       PLUNGE
  X    120.97185    24.20832
  Y    232.79616    39.59612
  Z      8.19760    40.71375
  T    169.80751    47.78963
  P    270.13593     9.24438
  
  EMT2
  0.5452890E+00  0.5635016E+00  0.4066903E+00
  0.5635016E+00 -0.7945140E+00  0.1473636E+00
  0.4066903E+00  0.1473636E+00  0.2492250E+00
  
  
  EIGENVALUES                EIGENVECTORS
 -0.1000000E+01    0.5452890  0.5635016  0.4066903
 -0.2220446E-15    0.5635016 -0.7945140  0.1473636
  0.1000000E+01    0.4066903  0.1473636  0.2492250

  NODAL PLANES 
   STK=  220.12184
   DIP=   69.76135
  SLIP= -158.96796
   OR
   STK=  122.54526
   DIP=   70.32210
  SLIP=  -21.55452
  
            X-DIR          Y-DIR          Z-DIR
  X:      -0.6045626      0.7175333      0.3459047
  Y:       0.7937785      0.5064427      0.3367959
  Z:      -0.0664813     -0.4781859      0.8757388
  T:      -0.9887765      0.1492635      0.0000000
  P:       0.1337958      0.8654818      0.4827422
  
        TREND       PLUNGE
  X    130.12323    20.23318
  Y     32.54029    19.67790
  Z    262.07960    61.13094
  T    171.42503     0.36409
  P     81.21663    28.86128
  
  EMT3
  0.4430514E+00  0.1609899E+00  0.8125864E+00
  0.1609899E+00  0.5849690E-01  0.2969042E+00
  0.8125864E+00  0.2969042E+00 -0.5015483E+00
  
  
  EIGENVALUES                EIGENVECTORS
 -0.1000000E+01    0.4430514  0.1609899  0.8125864
  0.1548193E-16    0.1609899  0.0584969  0.2969042
  0.1000000E+01    0.8125864  0.2969042 -0.5015483

  NODAL PLANES 
   STK=  110.02551
   DIP=   77.87587
  SLIP=  -90.04769
   OR
   STK=  290.25255
   DIP=   12.12422
  SLIP=  -89.77802
  
            X-DIR          Y-DIR          Z-DIR
  X:       0.9187091      0.3344632      0.2100188
  Y:      -0.1970565     -0.0726454      0.9776970
  Z:      -0.3422605      0.9396047      0.0000000
  T:      -0.7889654     -0.2878692      0.5428304
  P:       0.5102855      0.1851331      0.8398419
  
        TREND       PLUNGE
  X     20.00553    12.11916
  Y    200.22772    77.87578
  Z    110.02074     0.04270
  T    200.03664    32.87337
  P     19.94203    57.12162
  
  --------------------------------------------------------------
  
  DECOMPOSITION INTO THREE VECTOR DIPOLES
  
  SEISMIC MOMENTS OF ISOTROPIC PART, EMT1, EMT2, EMT3
  0.9200000E+21  0.2877966E+21  0.1228541E+23  0.1257321E+23
  
            DIPOLE AXES
  0.3427698 -0.9394191 -0.0007724
  0.4687523  0.1717481 -0.8664721
  0.8141131  0.2966383  0.4992249
  
  --------------------------------------------------------------
  
  DECOMPOSITION INTO THREE COMPENSATED LINEAR VECTOR DIPOLES
  
  SEISMIC MOMENTS OF ISOTROPIC PART, EMT1, EMT2, EMT3
  0.9200000E+21  0.3650028E+21  0.6561822E+22  0.7790306E+22
  
  EIGENVALUE          AXES OF CLVD
       -1    0.4687523  0.1717481 -0.8664721
        2    0.3427698 -0.9394191 -0.0007724
       -1    0.8141131  0.2966383  0.4992249
  
  EIGENVALUE          AXES OF CLVD
        2    0.4687523  0.1717481 -0.8664721
       -1    0.3427698 -0.9394191 -0.0007724
       -1    0.8141131  0.2966383  0.4992249
  
  EIGENVALUE          AXES OF CLVD
       -1    0.4687523  0.1717481 -0.8664721
       -1    0.3427698 -0.9394191 -0.0007724
        2    0.8141131  0.2966383  0.4992249
  
  --------------------------------------------------------------
  
  DECOMPOSITION INTO A DOUBLE COUPLE AND A CLVD
  
  SEISMIC MOMENTS OF ISOTROPIC PART, DC, CLVD
  0.9200000E+21  0.1199761E+23  0.2877966E+21
 Isotropic: moment=sqrt(sum mij**2/2)=   1.1267652816802611E+021
      (|e1| + |e2|)/2=   9.20000047E+20
           0.92000E+21 0.00000E+00 0.00000E+00
           0.00000E+00 0.92000E+21 0.00000E+00
           0.00000E+00 0.00000E+00 0.92000E+21
 Double couple: moment=sqrt(sum mij**2/2)=   1.2573205577418393E+022
      (|e1| + |e2|)/2=   1.25732057E+22
           0.55706E+22 0.20242E+22 0.10217E+23
           0.20242E+22 0.73549E+21 0.37330E+22
           0.10217E+23 0.37330E+22-0.63061E+22
  
  EIGENVALUES AND EIGENVECTORS OF THE DC
 -0.1257321E+23    0.4687523  0.1717481 -0.8664721
  0.0000000E+00    0.3427698 -0.9394191 -0.0007724
  0.1257321E+23    0.8141131  0.2966383  0.4992249

  NODAL PLANES 
   STK=  290.05510
   DIP=   74.94792
  SLIP=  -89.95861
   OR
   STK=  109.89573
   DIP=   15.05213
  SLIP=  -90.15390
  
            X-DIR          Y-DIR          Z-DIR
  X:       0.2441936      0.0883470      0.9656937
  Y:      -0.9072022     -0.3309817      0.2596830
  Z:      -0.3425691      0.9394924      0.0000000
  T:       0.8141598      0.2965102      0.4992250
  P:      -0.4688179     -0.1715686      0.8664722
  
        TREND       PLUNGE
  X     19.89077    74.94787
  Y    200.03505    15.04712
  Z    110.03955     0.03371
  T     20.01230    29.94542
  P    200.09178    60.04958
  
 CLVD: moment=sqrt(sum mij**2/2)=   4.9847826973884396E+020
      (|e1| + |e2|)/2=   4.31694864E+20
           0.28444E+21 0.20851E+21 0.35090E+21
           0.20851E+21-0.21182E+21 0.12786E+21
           0.35090E+21 0.12786E+21-0.72618E+20
  EIGENVALUE          AXES OF CLVD
 -0.2877966E+21    0.4687523  0.1717481 -0.8664721
 -0.2877966E+21    0.3427698 -0.9394191 -0.0007724
  0.5755931E+21    0.8141131  0.2966383  0.4992249
 Original moment tensor
           0.67750E+22 0.22327E+22 0.10568E+23
           0.22327E+22 0.14437E+22 0.38609E+22
           0.10568E+23 0.38609E+22-0.54587E+22
  
  --------------------------------------------------------------
 EVD:  -1.2285409014199496E+022  -2.8779656321890045E+020   1.2573205577418395E+022
 EVP:   2.8779656321890045E+020   1.2285409014199496E+022   1.2573205577418395E+022
  
  DECOMPOSITION INTO A DOUBLE COUPLE AND A CRACK
  
  SEISMIC MOMENTS OF ISOTROPIC PART, DC, CRACK
  0.2005086E+21  0.1199761E+23  0.4316948E+21
  
  EIGENVALUES AND EIGENVECTORS OF THE DC
 -0.1257321E+23    0.4687523  0.1717481 -0.8664721
  0.0000000E+00    0.3427698 -0.9394191 -0.0007724
  0.1257321E+23    0.8141131  0.2966383  0.4992249

  NODAL PLANES 
   STK=  290.05510
   DIP=   74.94792
  SLIP=  -89.95861
   OR
   STK=  109.89573
   DIP=   15.05213
  SLIP=  -90.15390
  
            X-DIR          Y-DIR          Z-DIR
  X:       0.2441936      0.0883470      0.9656937
  Y:      -0.9072022     -0.3309817      0.2596830
  Z:      -0.3425691      0.9394924      0.0000000
  T:       0.8141598      0.2965102      0.4992250
  P:      -0.4688179     -0.1715686      0.8664722
  
        TREND       PLUNGE
  X     19.89077    74.94787
  Y    200.03505    15.04712
  Z    110.03955     0.03371
  T     20.01230    29.94542
  P    200.09178    60.04958
  
  EIGENVALUE          AXES OF CRACK
        1    0.4687523  0.1717481 -0.8664721
        1    0.3427698 -0.9394191 -0.0007724
        3    0.8141131  0.2966383  0.4992249
