  
  INPUT MOMENT TENSOR
  0.6000000E+22  0.2180000E+22  0.1110000E+23
  0.2180000E+22  0.7950000E+21  0.4020000E+22
  0.1110000E+23  0.4020000E+22 -0.6790000E+22
  EIGENVALUES AND EIGENVECTOR OF M(i,j)
     1 -0.1362E+23  ( 0.4709E+00, 0.1702E+00,-0.8656E+00)
     2  0.2598E+19  ( 0.3408E+00,-0.9401E+00, 0.5072E-03)
     3  0.1362E+23  ( 0.8137E+00, 0.2952E+00, 0.5007E+00)
   EIGENVALUES               EIGENVECTORS
     1 -0.1362E+23  ( 0.4709E+00, 0.1702E+00,-0.8656E+00)
     2  0.2598E+19  ( 0.3408E+00,-0.9401E+00, 0.5072E-03)
     3  0.1362E+23  ( 0.8137E+00, 0.2952E+00, 0.5007E+00)
  
 Input: moment=sqrt(sum mij**2/2)=   1.3619503019567195E+022
      (|e1| + |e2|)/2=   1.36195023E+22
           0.60000E+22 0.21800E+22 0.11100E+23
           0.21800E+22 0.79500E+21 0.40200E+22
           0.11100E+23 0.40200E+22-0.67900E+22
  SEISMIC MOMENT OF THE INPUT MOMENT TENSOR:   0.1361950E+23
  
  ISOTROPIC COMPONENT (TRACE OF MOMENT TENSOR):   0.5000000E+19
  
  INPUT MOMENT TENSOR IS PARTIALLY DUE TO AN EXPLOSION
 Deviatoric: moment=sqrt(sum mij**2/2)=   1.3619502866600284E+022
      (|e1| + |e2|)/2=   1.36195023E+22
           0.59983E+22 0.21800E+22 0.11100E+23
           0.21800E+22 0.79333E+21 0.40200E+22
           0.11100E+23 0.40200E+22-0.67917E+22
  EIGENVALUES OF THE PURELY DEVIATORIC MOMENT TENSOR
 -0.1361997E+23  0.9314884E+18  0.1361904E+23
  
  SORTED EIGENVALUES
  0.9314884E+18  0.1361904E+23  0.1361997E+23
  EPSILON    % OF CLVD     % OF DC
  0.000068    0.013678   99.986322
  LUNE PARAMETERS
  beta:   89.99 gamma:   0.00
  
  --------------------------------------------------------------
  
  DECOMPOSITION INTO MAJOR AND MINOR DOUBLE COUPLE
  
  SEISMIC MOMENT OF ISOTROPIC PART, MAJOR, AND MINOR COUPLE
  0.1666667E+19  0.1361997E+23  0.9314884E+18
  
  EIGENVALUES AND EIGENVECTORS OF THE MAJOR DC
     1 -0.1362E+23  ( 0.4709E+00, 0.1702E+00,-0.8656E+00)
     2  0.0000E+00  ( 0.3408E+00,-0.9401E+00, 0.5072E-03)
     3  0.1362E+23  ( 0.8137E+00, 0.2952E+00, 0.5007E+00)

  NODAL PLANES 
   STK=  289.91489
   DIP=   75.04421
  SLIP=  -90.03454
   OR
   STK=  110.04872
   DIP=   14.95583
  SLIP=  -89.87070
  
            X-DIR          Y-DIR          Z-DIR
  X:      -0.9084185     -0.3289089      0.2580597
  Y:       0.2424317      0.0884423      0.9661288
  Z:       0.3405918     -0.9402111      0.0000000
  T:       0.8137740      0.2951119      0.5006804
  P:      -0.4709238     -0.1700356      0.8656320
  
        TREND       PLUNGE
  X    199.89485    14.95082
  Y     20.04375    75.04417
  Z    289.90907     0.02968
  T     19.93408    30.04172
  P    199.84420    59.95329
  
  EIGENVALUES AND EIGENVECTORS OF THE MINOR DC
     1  0.0000E+00  ( 0.4709E+00, 0.1702E+00,-0.8656E+00)
     2  0.9315E+18  ( 0.3408E+00,-0.9401E+00, 0.5072E-03)
     3 -0.9315E+18  ( 0.8137E+00, 0.2952E+00, 0.5007E+00)

  NODAL PLANES 
   STK=  159.04918
   DIP=   69.28738
  SLIP= -157.74057
   OR
   STK=   60.81212
   DIP=   69.24838
  SLIP=  -22.22333
  
            X-DIR          Y-DIR          Z-DIR
  X:       0.3344962      0.8735225      0.3536534
  Y:       0.8163405     -0.4560735      0.3543799
  Z:      -0.4708507     -0.1701629      0.8656467
  T:       0.3407154     -0.9401664      0.0000000
  P:       0.8137645      0.2951810      0.5006552
  
        TREND       PLUNGE
  X     69.05057    20.70711
  Y    330.80715    20.75162
  Z    199.86074    59.95497
  T    289.91660     0.02447
  P     19.93859    30.04005
  
  --------------------------------------------------------------
  
  DECOMPOSITION INTO THREE DOUBLE COUPLES
  
  SEISMIC MOMENTS OF ISOTROPIC PART, EMT1, EMT2, EMT3
  0.1666667E+19  0.4540300E+22  0.4539369E+22  0.9079669E+22
  
  EMT1
 -0.1055680E+00 -0.4005399E+00  0.4077631E+00
 -0.4005399E+00  0.8548866E+00  0.1468673E+00
  0.4077631E+00  0.1468673E+00 -0.7493186E+00
  
  
  EIGENVALUES                EIGENVECTORS
 -0.1000000E+01   -0.1055680 -0.4005399  0.4077631
 -0.1110223E-15   -0.4005399  0.8548866  0.1468673
  0.1000000E+01    0.4077631  0.1468673 -0.7493186

  NODAL PLANES 
   STK=  210.65014
   DIP=   65.95437
  SLIP=  135.75542
   OR
   STK=  322.29624
   DIP=   50.41850
  SLIP=   31.91634
  
            X-DIR          Y-DIR          Z-DIR
  X:      -0.4653222      0.7857977      0.4074276
  Y:      -0.4715259     -0.6096092      0.6372126
  Z:       0.7490918      0.1043965      0.6541887
  T:      -0.6624517      0.1245840      0.7386722
  P:       0.0000000     -0.9867017      0.1624825
  
        TREND       PLUNGE
  X    120.63921    24.03971
  Y    232.27140    39.58150
  Z      7.93431    40.85545
  T    169.35842    47.61609
  P    269.74030     9.34657
  
  EMT2
  0.5460126E+00  0.5606374E+00  0.4072446E+00
  0.5606374E+00 -0.7966933E+00  0.1482977E+00
  0.4072446E+00  0.1482977E+00  0.2506806E+00
  
  
  EIGENVALUES                EIGENVECTORS
 -0.1000000E+01    0.5460126  0.5606374  0.4072446
 -0.3330669E-15    0.5606374 -0.7966933  0.1482977
  0.1000000E+01    0.4072446  0.1482977  0.2506806

  NODAL PLANES 
   STK=  220.13961
   DIP=   69.67021
  SLIP= -158.89942
   OR
   STK=  122.50387
   DIP=   70.27044
  SLIP=  -21.65952
  
            X-DIR          Y-DIR          Z-DIR
  X:      -0.6044298      0.7169241      0.3473966
  Y:       0.7938877      0.5057059      0.3376446
  Z:      -0.0663850     -0.4798763      0.8748210
  T:      -0.9887598      0.1493539      0.0000000
  P:       0.1339670      0.8645300      0.4843973
  
        TREND       PLUNGE
  X    130.14100    20.32432
  Y     32.49890    19.72956
  Z    262.11842    61.02219
  T    171.41977     0.39016
  P     81.19602    28.96962
  
  EMT3
  0.4404446E+00  0.1600974E+00  0.8150077E+00
  0.1600974E+00  0.5819332E-01  0.2951650E+00
  0.8150077E+00  0.2951650E+00 -0.4986379E+00
  
  
  EIGENVALUES                EIGENVECTORS
 -0.1000000E+01    0.4404446  0.1600974  0.8150077
 -0.1737746E-16    0.1600974  0.0581933  0.2951650
  0.1000000E+01    0.8150077  0.2951650 -0.4986379

  NODAL PLANES 
   STK=  109.93057
   DIP=   77.66022
  SLIP=  -89.96013
   OR
   STK=  289.74398
   DIP=   12.33984
  SLIP=  -90.18228
  
            X-DIR          Y-DIR          Z-DIR
  X:      -0.2011553     -0.0721349      0.9768997
  Y:       0.9185124      0.3326688      0.2136972
  Z:       0.3403991     -0.9402808      0.0000000
  T:      -0.7917247     -0.2862394      0.5396657
  P:       0.5072481      0.1842253      0.8418792
  
        TREND       PLUNGE
  X    199.71914    77.66016
  Y     19.91058    12.33482
  Z    289.89732     0.03292
  T    199.86807    32.65772
  P     19.96140    57.33729
  
  --------------------------------------------------------------
  
  DECOMPOSITION INTO THREE VECTOR DIPOLES
  
  SEISMIC MOMENTS OF ISOTROPIC PART, EMT1, EMT2, EMT3
  0.1666667E+19  0.9314884E+18  0.1361904E+23  0.1361997E+23
  
            DIPOLE AXES
  0.3407929 -0.9401383  0.0005072
  0.8137275  0.2952400  0.5006804
  0.4708586  0.1702156 -0.8656320
  
  --------------------------------------------------------------
  
  DECOMPOSITION INTO THREE COMPENSATED LINEAR VECTOR DIPOLES
  
  SEISMIC MOMENTS OF ISOTROPIC PART, EMT1, EMT2, EMT3
  0.1666667E+19  0.1500045E+19  0.7863917E+22  0.7862530E+22
  
  EIGENVALUE          AXES OF CLVD
       -1    0.4708586  0.1702156 -0.8656320
        2    0.3407929 -0.9401383  0.0005072
       -1    0.8137275  0.2952400  0.5006804
  
  EIGENVALUE          AXES OF CLVD
       -1    0.4708586  0.1702156 -0.8656320
       -1    0.3407929 -0.9401383  0.0005072
        2    0.8137275  0.2952400  0.5006804
  
  EIGENVALUE          AXES OF CLVD
        2    0.4708586  0.1702156 -0.8656320
       -1    0.3407929 -0.9401383  0.0005072
       -1    0.8137275  0.2952400  0.5006804
  
  --------------------------------------------------------------
  
  DECOMPOSITION INTO A DOUBLE COUPLE AND A CLVD
  
  SEISMIC MOMENTS OF ISOTROPIC PART, DC, CLVD
  0.1666667E+19  0.1361811E+23  0.9314884E+18
 Isotropic: moment=sqrt(sum mij**2/2)=   2.0412414523187802E+018
      (|e1| + |e2|)/2=   1.66666666E+18
           0.16667E+19 0.00000E+00 0.00000E+00
           0.00000E+00 0.16667E+19 0.00000E+00
           0.00000E+00 0.00000E+00 0.16667E+19
 Double couple: moment=sqrt(sum mij**2/2)=   1.3619968586888344E+022
      (|e1| + |e2|)/2=   1.36199684E+22
           0.59988E+22 0.21805E+22 0.11100E+23
           0.21805E+22 0.79259E+21 0.40201E+22
           0.11100E+23 0.40201E+22-0.67914E+22
  
  EIGENVALUES AND EIGENVECTORS OF THE DC
 -0.1361997E+23    0.4708586  0.1702156 -0.8656320
  0.0000000E+00    0.3407929 -0.9401383  0.0005072
  0.1361997E+23    0.8137275  0.2952400  0.5006804

  NODAL PLANES 
   STK=  289.91489
   DIP=   75.04421
  SLIP=  -90.03454
   OR
   STK=  110.04872
   DIP=   14.95583
  SLIP=  -89.87070
  
            X-DIR          Y-DIR          Z-DIR
  X:      -0.9084185     -0.3289089      0.2580597
  Y:       0.2424317      0.0884423      0.9661288
  Z:       0.3405918     -0.9402111      0.0000000
  T:       0.8137740      0.2951119      0.5006804
  P:      -0.4709238     -0.1700356      0.8656320
  
        TREND       PLUNGE
  X    199.89485    14.95082
  Y     20.04375    75.04417
  Z    289.90907     0.02968
  T     19.93408    30.04172
  P    199.84420    59.95329
  
 CLVD: moment=sqrt(sum mij**2/2)=   1.6133851611245624E+018
      (|e1| + |e2|)/2=   1.39723258E+18
          -0.31193E+18 0.22397E+18-0.11390E+19
           0.22397E+18-0.85052E+18-0.41175E+18
          -0.11390E+19-0.41175E+18 0.11625E+19
  EIGENVALUE          AXES OF CLVD
  0.1862977E+19    0.4708586  0.1702156 -0.8656320
 -0.9314884E+18    0.3407929 -0.9401383  0.0005072
 -0.9314884E+18    0.8137275  0.2952400  0.5006804
 Original moment tensor
           0.60002E+22 0.21807E+22 0.11099E+23
           0.21807E+22 0.79341E+21 0.40197E+22
           0.11099E+23 0.40197E+22-0.67886E+22
  
  --------------------------------------------------------------
 EVD:  -1.3619968586888346E+022   9.3148835708181402E+017   1.3619037098531264E+022
 EVP:   9.3148835708181402E+017   1.3619037098531264E+022   1.3619968586888346E+022
  
  DECOMPOSITION INTO A DOUBLE COUPLE AND A CRACK
  
  SEISMIC MOMENTS OF ISOTROPIC PART, DC, CRACK
 -0.6620542E+18  0.1361811E+23  0.1397233E+19
  
  EIGENVALUES AND EIGENVECTORS OF THE DC
 -0.1361997E+23    0.4708586  0.1702156 -0.8656320
  0.0000000E+00    0.3407929 -0.9401383  0.0005072
  0.1361997E+23    0.8137275  0.2952400  0.5006804

  NODAL PLANES 
   STK=  289.91489
   DIP=   75.04421
  SLIP=  -90.03454
   OR
   STK=  110.04872
   DIP=   14.95583
  SLIP=  -89.87070
  
            X-DIR          Y-DIR          Z-DIR
  X:      -0.9084185     -0.3289089      0.2580597
  Y:       0.2424317      0.0884423      0.9661288
  Z:       0.3405918     -0.9402111      0.0000000
  T:       0.8137740      0.2951119      0.5006804
  P:      -0.4709238     -0.1700356      0.8656320
  
        TREND       PLUNGE
  X    199.89485    14.95082
  Y     20.04375    75.04417
  Z    289.90907     0.02968
  T     19.93408    30.04172
  P    199.84420    59.95329
  
  EIGENVALUE          AXES OF CRACK
        3    0.4708586  0.1702156 -0.8656320
        1    0.3407929 -0.9401383  0.0005072
        1    0.8137275  0.2952400  0.5006804
